1 413180
2 313179
3 268036
4 198429
5 282079
6 322463
7 288440
8 372150
9 369352
10 368717
12 329459
13 249369
15 356742
16 114890
19 142155
20 138503
21 114890
22 114890
23 145300
25 157013
26 149668
27 145102
28 148025
31 322200
32 324641
33 390785
34 388399
35 318652
37 398447
38 331007
39 134486
40 357190
41 343130
42 293047
43 148663
44 126295
47 141733
48 128925
49 141733
50 128925
51 130356
52 130785
53 123202
54 123202
55 101239
56 349484
57 113109
58 130785
59 148663
60 321647
61 128925
62 135011
63 127602
64 135011
65 138571
66 135011
67 135011
68 130893
69 153972
70 117149
71 135011
72 146795
73 138571
74 287411
75 341153
76 341153
77 136039
78 400621
79 136448
80 155957
81 152036
82 95593
83 126295
85 365421
86 443969
87 263616
88 354891
89 320821
90 298562
91 292221
92 299642
93 262325
94 128726
95 108132
97 311071
99 112373
100 154492
101 154492
102 320980
104 417736
105 307233
107 373586
108 343829
109 373586
110 374481
111 347030
112 373292
113 342738
114 372401
117 141663
118 363684
119 327082
120 327082
121 312378
122 321647
126 312378
127 360237
128 360237
129 402809
130 334630
132 296255
133 332114
134 331544
135 321990
136 346886
138 339516
141 406110
143 161493
144 144536
145 170966
146 170966
147 386812
149 146708
150 152247
151 161282
152 128710
155 372305
156 334836
157 123613
158 95593
159 139974
160 101239
163 130785
164 347291
165 383251
166 373867
167 256863
168 339360
169 360010
170 374762
171 296217
175 330544
176 328059
177 397890
178 397890
180 292637
181 355838
182 356690
183 397890
184 328080
185 293345
186 343262
187 256650
188 390785
190 287411
191 344679
193 361904
195 318382
197 324641
198 390785
199 335351
200 372879
201 350267
202 342338
203 372216
204 344931
205 357565
206 342338
207 344931
208 372216
209 116494
210 100714
211 147472
212 138966
213 130235
214 130235
215 133061
217 130235
219 322200
220 321647
221 350321
222 287401
223 287401
224 349484
225 358256
226 338302
228 347379
229 378346
230 119004
231 164203
232 119004
233 164203
235 350613
236 137237
237 310404
238 324641
239 358256
240 336532
241 144797
242 101216
243 356327
244 117074
245 370928
246 139659
247 396038
248 413653
251 355433
252 362358
254 331121
255 356723
256 379751
257 340946
258 341532
259 331121
260 133977
261 134418
262 133977
263 134418
264 331150
265 251618
266 390785
267 390785
268 287401
269 324641
270 350321
272 281297
274 318529
275 300156
276 281297
277 217534
278 358256
279 312378
280 287411
281 311383
282 366398
283 328957
285 319478
286 358282
287 372586
288 349993
289 364333
290 364333
291 406416
293 142223
294 112457
295 114648
296 230384
297 217534
298 336532
299 312378
300 350321
301 324641
303 390785
304 331940
305 388670
306 451329
307 451329
308 360775
309 374938
311 372119
312 403629
313 374938
314 371479
315 403629
317 367878
320 364679
321 325960
322 364679
323 373832
324 373832
325 335631
326 390785
327 336532
329 321647
331 397641
332 364541
333 355615
334 356467
335 397641
336 261911
337 330217
338 372992
339 401937
340 386754
341 355843
343 398229
344 398229
345 398229
346 97396
347 128678
348 112657
349 97396
351 103149
354 125945
355 142615
356 125945
357 128678
358 112657
359 139333
360 97396
363 226350
364 182464
366 231681
367 209040
368 167568
370 209040
372 183013
373 182464
374 376289
375 131104
376 146485
377 134752
378 146336
382 400554
385 179874
386 187857
387 194770
389 398423
390 413016
391 439678
392 138181
393 115836
394 100145
395 335631
396 299908
397 256768
398 313206
401 335631
402 391056
403 312963
404 399914
405 348702
406 375663
407 112244
408 144525
409 142717
411 155188
412 119886
413 144525
414 142717
415 362516
416 436376
417 375794
419 359172
420 365015
421 328280
422 318626
423 357327
424 119177
425 377821
426 151323
427 136535
428 119177
429 337706
430 306258
431 117467
433 117467
434 343328
435 107878
437 105547
438 115275
439 114930
442 105547
443 137513
444 128873
445 131669
446 115275
447 142572
448 142572
451 122043
453 136439
454 115463
455 102074
456 118067
457 140842
458 115463
459 146024
460 108103
461 146024
462 108103
463 115463
464 108103
466 118067
468 108103
469 131993
470 108103
472 178193
474 119966
475 137043
476 122735
477 134133
478 342140
479 125673
480 142307
481 112076
482 303570
483 306159
484 286923
485 537001
486 433261
487 356608
488 427147
489 427147
490 393800
492 411316
496 233952
497 349142
498 420278
503 343616
505 239288
507 365228
508 131669
509 128445
510 137513
512 105547
513 112733
515 142572
516 115275
517 128872
518 139544
520 128872
522 112827
524 128872
525 110339
527 439018
528 491167
529 395337
530 491167
533 365172
534 249991
535 424043
536 267011
537 358814
538 374774
539 305516
540 286320
541 286320
542 285369
543 276805
544 318272
545 293712
546 406023
547 364533
548 397030
549 354029
550 364533
551 354029
555 321647
558 347471
559 377797
561 328490
562 139663
564 293527
565 110433
566 126243
567 365878
568 319025
569 319025
571 365878
572 293527
575 319025
576 319025
577 328490
578 329056
579 399873
580 294095
581 329693
582 344358
583 332191
584 351695
585 364576
586 325169
588 311362
589 311362
590 311362
591 304739
592 271768
593 249582
597 378608
598 311351
599 249582
600 97396
602 125945
603 97396
605 139333
606 395429
607 385747
608 317234
609 349484
610 324641
611 321647
612 321647
613 317234
614 352945
615 138034
616 106745
617 152708
618 141029
619 123470
622 113051
623 120748
624 156304
625 120748
626 138034
627 352172
628 352172
629 382909
630 341437
631 341437
632 367837
633 367837
634 427137
636 328644
637 234991
638 328080
639 331134
640 328644
641 398601
642 365421
643 328644
645 297527
647 342624
648 332751
649 343213
650 373168
652 358479
653 298682
654 406110
655 337372
656 255719
657 298671
658 260701
659 311927
660 292328
662 134592
663 110339
664 133454
666 331267
667 356616
668 357470
669 133454
670 134592
671 122550
672 128726
673 113109
677 128925
678 133793
680 130356
681 127538
682 133256
683 130785
685 130785
687 297676
688 111994
689 141637
690 136611
691 111994
693 362832
694 136611
695 136611
696 111994
698 128726
699 133793
702 113109
704 324641
705 390785
706 322200
707 349484
709 103080
710 144310
711 136225
712 115166
715 125442
717 132726
718 115166
719 128677
720 378159
721 243183
722 303379
723 265596
724 340100
725 309207
726 271695
727 295938
729 313122
730 355228
731 326418
734 351657
735 408348
737 336681
738 326418
739 365191
740 366065
741 365191
742 365191
743 336681
745 374357
746 336681
747 326418
749 133790
750 117377
751 127851
752 135720
753 117377
754 331422
755 385889
756 386812
757 431492
758 355763
759 317350
760 385889
762 351709
763 358256
764 287593
765 251618
767 324641
768 304463
772 356017
774 234130
776 321647
778 343692
779 302954
780 310941
781 358256
782 349484
783 321647
784 312378
785 321647
788 328644
789 365421
790 293160
791 356474
792 318626
793 293160
794 328644
795 331134
796 343262
797 331134
798 320831
799 348702
800 359665
801 391056
803 373501
805 373501
806 299642
807 293267
808 262325
809 407414
810 325671
811 338456
812 130908
814 125097
817 132797
818 150950
819 132361
820 135851
821 130706
823 135851
824 142127
825 125514
827 299908
828 363454
830 347976
831 347379
832 363454
833 363454
835 377443
836 386916
839 422048
840 378346
841 377443
842 310404
843 378535
844 355580
845 378535
846 336559
847 115243
848 125526
849 131154
850 151468
851 342881
852 292834
853 356930
855 350613
856 386916
857 422048
858 363454
859 328913
860 328913
861 328348
862 331405
864 356765
865 328348
866 328913
867 293399
868 303388
870 314843
872 254458
873 259415
874 224950
876 362263
878 362263
879 335709
880 329388
881 333527
882 260196
883 189225
885 321901
886 360864
888 363598
889 360244
891 156509
892 178393
893 182509
894 149622
895 132271
896 376915
897 372682
898 305757
899 415729
900 342766
901 372682
902 337627
903 131347
905 142223
907 128557
908 363463
909 298908
911 266715
912 358600
913 369266
915 412905
916 355580
917 339853
918 330060
919 370150
921 261769
922 292646
923 339625
924 337418
927 300665
928 325563
929 300677
931 293302
932 366489
933 339625
934 366489
935 325563
936 336492
938 227574
939 390785
940 322200
942 322200
943 321647
944 324641
947 230384
948 250863
949 390785
950 350321
951 324641
952 350321
953 321647
954 324641
955 350321
956 287411
957 321647
958 364890
959 292734
960 364890
961 356808
962 364890
963 327603
964 286506
965 265336
966 370531
967 369647
969 370531
970 303993
971 355947
972 341927
973 236490
974 341927
975 380190
976 331504
977 341927
978 380190
979 370881
980 341927
981 383374
983 116599
984 107080
986 420278
987 270608
988 361930
989 353790
990 328398
991 376628
992 353790
995 334864
996 351695
997 388111
998 122535
999 349050
1000 338410
1001 122535
1002 144942
1003 378608
1004 348451
1005 349050
1006 348451
1007 311362
1008 423350
1010 364576
1011 338410
1012 311362
1013 141683
1014 349050
1016 388111
1018 349050
1019 311362
1020 325671
1021 365228
1022 338456
1023 324443
1024 338456
1025 325671
1026 358256
1027 312378
1028 287411
1029 349484
1030 387780
1032 119481
1034 119481
1036 141330
1037 119481
1039 130143
1041 133499
1042 149718
1044 138153
1045 135978
1046 138153
1048 136188
1049 116800
1053 133499
1057 157038
1058 119481
1059 141330
1060 130143
1061 136188
1062 137000
1065 141311
1066 133556
1068 306159
1070 476128
1071 306159
1072 417497
1073 336892
1074 298257
1075 304457
1076 362672
1077 349231
1078 298257
1081 298257
1082 362672
1083 405531
1084 362672
1085 358256
1086 287411
1087 230384
1088 350321
1091 426311
1092 381255
1093 113539
1094 136874
1095 118765
1096 129362
1097 136874
1098 135371
1100 148819
1102 129362
1103 115751
1104 359178
1105 372333
1106 396368
1108 317987
1109 387589
1111 419116
1112 407039
1113 407039
1115 419837
1116 438511
1117 419116
1118 447774
1119 356583
1120 447774
1122 410502
1123 401409
1124 119215
1125 144190
1126 143717
1127 156260
1128 135830
1130 327390
1131 292544
1134 356576
1135 327390
1137 359530
1138 373644
1140 370197
1141 292637
1142 364770
1143 355838
1145 355838
1146 356690
1147 364770
1148 330544
1149 342650
1150 327495
1151 356690
1152 324320
1153 316858
1154 342650
1155 358814
1156 390130
1157 368956
1158 326324
1159 336584
1160 349484
1161 338410
1162 388111
1163 311362
1164 349050
1165 364576
1166 423350
1167 388111
1168 338410
1169 364576
1170 338410
1171 348451
1172 338410
1173 364576
1174 293527
1175 356920
1176 328490
1177 356920
1178 328644
1180 328080
1181 356474
1182 398601
1183 328644
1184 306159
1185 256650
1186 365421
1187 317424
1188 343262
1189 328644
1190 235285
1192 365878
1193 329056
1194 357774
1195 318754
1198 365567
1199 293277
1200 398760
1201 328211
1202 131645
1203 154857
1206 128335
1207 117822
1208 117822
1209 134297
1210 136234
1211 130356
1214 113109
1215 130356
1216 141733
1217 126379
1218 139133
1220 158152
1222 120329
1223 136942
1224 134446
1225 136942
1226 138676
1227 351600
1228 374297
1229 366007
1230 336049
1231 374297
1232 300281
1233 300281
1234 300281
1235 300281
1236 336627
1237 300281
1238 351600
1239 300281
1240 336627
1241 339177
1243 366007
1244 326366
1246 390785
1247 322200
1248 350321
1249 324641
1250 322200
1251 312378
1252 246069
1253 350321
1254 349484
1257 398976
1258 398024
1259 366320
1260 327330
1261 355764
1262 366320
1263 366950
1264 366320
1265 445061
1266 383272
1267 312378
1268 474524
1269 394207
1270 379317
1271 424373
1273 435025
1274 474524
1276 422686
1277 348502
1278 348502
1279 348502
1280 318772
1281 416679
1282 420558
1283 372328
1284 404672
1285 324641
1286 287411
1287 322200
1288 287411
1290 357105
1291 394082
1292 387471
1293 346333
1294 362362
1295 440251
1296 364826
1297 403605
1298 357622
1299 362985
1301 362362
1303 394665
1304 403605
1305 351920
1306 365735
1307 394665
1308 379130
1309 393723
1310 325129
1311 406735
1312 406735
1313 350267
1314 363749
1315 406735
1316 350267
1317 391089
1318 359938
1319 392025
1320 383397
1322 374009
1323 248503
1324 334046
1325 367800
1327 370205
1330 356078
1331 342881
1332 365015
1333 356078
1334 398158
1335 365015
1336 327716
1338 330767
1339 318272
1341 292834
1342 381369
1343 381369
1347 358243
1348 332532
1349 305954
1350 136753
1351 126295
1352 110570
1353 95593
1357 139563
1358 124463
1359 142686
1360 376105
1361 421645
1364 392054
1365 118333
1366 144343
1367 348451
1369 351695
1370 379514
1373 311362
1375 364333
1376 372586
1377 334513
1378 298908
1379 364333
1380 406416
1382 334513
1383 335088
1384 349993
1385 363463
1390 346985
1394 137847
1395 134748
1396 137847
1397 116537
1399 126935
1400 134306
1401 134748
1402 299387
1403 338168
1404 299387
1406 299387
1407 291096
1411 395795
1412 353965
1413 256982
1414 358008
1416 358008
1417 343644
1418 343644
1419 417861
1421 330217
1422 162710
1424 148006
1425 145084
1426 129850
1429 338554
1430 364462
1431 373610
1432 364462
1433 365334
1434 373610
1436 365334
1438 364462
1439 299729
1440 338554
1441 373610
1442 338554
1443 299729
1444 336892
1445 362672
1446 333784
1447 298257
1448 362672
1449 371775
1450 336892
1451 383667
1453 343371
1454 343371
1455 303993
1456 378925
1457 303993
1458 330400
1459 370531
1460 340203
1461 330400
1462 370531
1463 378925
1464 370531
1466 156497
1467 142135
1468 139544
1469 147729
1470 156497
1471 147729
1472 142355
1473 150141
1474 151422
1475 156993
1476 148006
1477 148006
1478 150141
1479 147778
1482 145084
1483 224440
1484 368793
1485 295865
1486 331107
1487 334190
1489 359763
1491 331677
1492 359763
1493 295865
1494 402279
1495 402279
1496 334190
1497 359763
1498 360624
1499 413330
1500 341140
1501 413330
1503 378925
1504 355947
1505 231660
1506 267153
1508 342533
1510 381519
1512 373069
1513 373069
1514 274109
1515 315905
1516 339213
1517 331408
1518 342533
1519 342533
1520 356419
1521 359738
1522 357033
1523 136521
1524 164734
1525 144448
1527 136521
1530 374919
1531 352184
1532 337186
1533 365739
1534 468942
1535 386640
1536 301941
1540 371340
1541 371340
1542 329872
1543 370453
1544 371340
1545 341532
1546 356723
1547 304645
1548 266715
1549 230586
1550 370453
1551 414232
1552 340946
1553 139046
1554 139504
1556 139504
1557 131415
1558 120650
1559 460286
1560 310763
1561 310763
1565 137595
1566 158291
1568 153071
1569 135650
1570 135650
1571 132769
1572 341532
1573 331121
1574 356723
1575 344120
1576 414232
1578 331121
1579 143240
1582 534758
1585 150853
1586 151307
1587 478241
1588 479386
1589 298455
1590 349475
1592 329794
1593 341873
1595 149910
1597 119635
1599 108471
1600 132442
1601 132442
1602 118113
1604 421152
1605 376642
1607 257336
1608 399666
1609 293943
1610 421791
1612 421791
1614 471637
1615 343864
1617 367960
1618 458659
1619 399924
1620 411790
1622 363540
1623 298257
1624 363540
1626 245113
1627 328913
1628 293399
1629 349484
1630 396784
1631 381796
1632 344933
1633 419077
1634 375683
1635 384193
1636 334994
1637 308219
1639 375683
1640 345527
1641 360896
1642 343262
1644 342349
1645 329417
1646 339775
1647 368547
1648 329417
1649 335518
1651 363463
1653 298908
1654 372586
1655 351877
1656 351272
1659 298768
1661 394082
1662 343616
1663 304588
1664 315047
1665 342415
1667 352574
1669 379769
1670 457145
1671 408830
1672 393678
1673 408830
1674 379769
1675 376266
1676 419092
1677 408830
1678 336217
1679 408830
1680 408830
1681 365424
1682 457145
1683 410395
1684 314997
1685 460615
1686 449337
1687 460615
1688 369529
1690 352064
1692 326796
1693 336492
1694 337071
1695 336492
1696 300677
1697 366489
1698 408821
1700 337071
1701 336492
1702 337071
1704 337071
1708 389072
1709 409394
1711 375316
1712 352557
1713 367003
1715 368160
1716 379736
1720 368160
1725 155453
1726 127441
1727 127441
1730 382613
1732 337729
1734 293527
1735 366786
1736 344544
1739 357805
1740 294255
1741 329305
1743 357805
1744 294255
1745 356467
1746 327853
1749 357805
1751 324641
1752 361460
1753 384793
1754 348689
1755 384793
1757 291766
1758 319320
1760 330519
1761 381710
1765 293798
1766 329360
1767 293798
1768 144570
1769 164873
1770 140066
1771 391428
1772 381844
1773 382758
1774 382758
1776 426969
1777 341302
1778 314024
1779 351429
1780 367692
1781 311200
1783 324641
1784 336532
1785 336532
1787 133793
1788 113109
1790 130356
1792 128726
1794 130785
1795 126379
1797 297154
1798 347939
1800 335646
1802 297154
1803 370400
1804 347939
1805 330710
1806 380521
1807 339308
1808 349375
1809 339308
1810 312188
1811 349375
1812 365543
1813 339308
1814 365543
1815 389140
1816 326031
1817 312188
1818 131453
1819 318504
1820 312378
1821 390785
1822 390785
1823 368554
1824 400450
1825 368554
1826 357934
1827 369188
1828 329326
1830 410502
1831 329326
1832 333560
1833 336532
1834 287411
1836 328518
1837 331007
1838 318504
1839 137335
1840 151212
1841 131442
1842 142741
1843 343749
1844 359039
1847 150687
1848 450252
1849 150193
1850 171285
1851 130321
1853 324341
1855 399280
1856 357105
1857 353811
1858 357105
1860 429863
1861 343616
1862 385353
1864 357105
1867 365160
1868 364533
1870 397030
1871 325733
1872 325721
1873 406023
1874 396082
1876 324641
1878 321647
1879 287411
1880 349484
1881 358256
1882 327021
1883 366742
1884 409103
1885 300884
1886 336724
1887 336724
1888 336724
1893 365866
1894 425064
1895 312623
1896 350463
1897 380141
1898 381051
1899 380141
1900 366052
1901 425064
1902 349861
1903 353119
1904 302094
1905 339780
1907 312623
1908 353119
1909 381051
1910 379581
1911 341379
1912 370287
1913 343965
1914 300156
1915 297618
1916 377860
1918 361769
1919 322708
1920 361769
1921 377860
1922 361147
1923 364509
1924 377860
1925 402252
1928 230384
1929 251618
1930 250863
1931 328396
1932 330884
1933 318386
1934 330884
1935 358256
1937 300156
1938 287401
1939 230384
1940 281297
1943 335954
1944 345922
1945 153174
1947 361930
1951 346517
1952 141253
1954 133063
1957 136403
1958 103244
1959 140789
1960 217534
1961 217534
1962 392359
1963 360244
1964 391422
1965 275598
1966 321889
1967 321889
1968 281812
1969 280967
1970 349021
1972 318355
1973 349021
1974 347379
1975 265755
1976 234937
1977 365366
1980 318529
1981 287401
1982 251618
1983 322532
1984 280363
1985 358256
1987 230384
1988 377443
1989 350613
1990 324168
1991 311200
1992 324641
1993 287411
1994 328080
1995 422686
1996 348502
1998 271342
1999 389346
2000 460543
2002 446355
2006 427347
2009 414320
2011 518313
2012 464644
2013 426612
2014 427347
2015 357078
2017 188427
2018 160183
2019 160183
2022 163158
2023 188427
2024 165767
2025 355355
2026 371862
2027 371019
2028 384607
2029 367596
2030 339020
2031 446611
2032 347958
2033 400366
2035 527812
2036 156156
2037 167181
2039 376760
2040 420278
2041 309103
2042 335954
2043 345922
2044 420278
2045 309103
2046 385294
2047 345922
2048 385294
2049 346517
2050 335954
2051 346517
2054 335954
2055 361930
2056 376760
2057 346517
2058 345922
2059 420278
2060 345922
2061 420278
2062 309103
2063 349142
2064 453791
2065 364054
2066 411212
2068 364054
2069 443739
2070 408120
2071 364054
2072 407419
2073 453791
2074 341153
2075 370042
2076 379330
2077 370928
2078 356327
2079 343738
2080 370042
2081 321647
2082 322200
2083 324641
2084 349484
2085 324641
2086 321647
2087 311362
2088 388111
2089 338410
2090 364576
2091 351695
2092 349050
2093 293144
2095 356477
2096 317987
2101 131727
2104 131727
2107 168102
2109 367003
2110 375316
2111 375316
2112 340100
2113 301098
2114 346365
2116 385125
2117 375695
2120 292939
2121 365145
2122 292939
2124 349475
2125 323169
2126 362926
2129 287411
2130 321647
2131 312378
2132 350321
2133 349484
2134 296642
2135 280363
2136 322200
2137 322200
2138 358256
2139 323339
2141 332933
2142 348340
2143 362613
2144 333506
2145 370826
2146 363454
2147 337369
2148 409394
2149 301098
2150 401247
2151 349864
2152 437679
2154 374003
2155 338911
2156 338911
2158 300045
2159 336363
2162 339617
2163 411908
2164 411908
2165 337337
2166 337917
2167 301431
2169 409697
2170 411194
2171 393571
2172 365324
2173 418977
2175 337452
2176 340009
2177 366904
2178 328913
2179 357619
2180 356765
2181 333707
2182 323535
2183 297676
2185 333707
2186 333134
2187 333707
2188 371051
2189 323535
2190 341339
2191 370881
2192 357135
2193 331504
2194 357135
2195 371769
2196 414710
2197 341927
2198 414710
2200 254811
2201 344517
2202 344517
2203 402196
2204 387986
2205 373330
2206 343492
2207 373330
2208 428160
2209 385069
2210 428160
2211 384407
2212 364226
2213 324900
2214 404985
2215 363601
2218 331964
2219 402627
2220 331394
2223 334479
2225 296121
2227 335631
2228 335631
2229 299908
2230 299908
2231 381664
2233 347904
2234 337879
2235 347904
2236 351143
2237 310874
2238 329733
2239 342677
2242 316831
2244 380141
2245 381051
2246 339780
2247 337727
2248 381051
2250 318504
2251 327954
2252 318504
2253 328518
2254 318504
2255 318504
2256 293047
2257 365281
2258 357190
2261 380647
2262 305375
2263 371327
2264 307008
2265 373313
2266 343577
2270 348395
2271 348395
2273 333557
2275 382544
2276 306897
2277 340124
2279 353737
2280 315151
2281 142177
2282 150517
2283 159449
2284 144816
2285 107542
2286 354154
2288 355763
2289 355763
2290 312959
2291 340145
2292 358256
2293 390785
2294 312378
2295 312378
2296 287411
2297 312378
2298 350321
2299 350321
2300 141219
2301 141683
2302 122535
2304 390785
2305 322200
2307 350321
2308 287411
2309 321647
2311 336532
2312 312378
2313 322200
2316 257395
2318 390785
2319 322200
2321 349484
2323 390785
2325 287411
2326 312378
2327 322200
2328 328280
2329 318272
2330 327716
2331 328280
2332 356930
2333 318272
2334 330767
2335 356930
2336 342881
2337 349484
2338 321647
2340 349484
2341 321647
2342 312378
2343 336532
2344 362401
2345 335836
2346 332751
2347 373168
2348 353790
2349 371051
2350 333707
2351 362832
2352 371051
2353 336236
2355 328558
2356 261102
2357 309766
2358 316890
2359 131407
2360 133509
2362 133509
2364 131611
2365 328348
2366 239418
2368 363189
2369 298682
2371 337186
2372 326908
2373 326908
2374 337186
2375 336607
2376 374919
2377 300779
2378 408961
2379 300779
2380 366615
2381 335049
2382 299376
2383 299576
2384 325394
2385 299387
2386 390785
2387 312378
2388 322200
2389 292493
2390 328027
2391 298384
2392 324641
2393 287411
2394 322200
2395 321647
2396 390785
2397 312378
2398 322200
2399 389198
2400 389198
2401 389198
2402 358814
2403 435192
2404 358198
2405 361532
2406 390130
2407 398967
2408 358814
2409 347876
2410 320072
2412 414232
2414 318165
2416 414232
2417 304656
2418 287401
2419 217534
2420 350321
2421 358256
2422 312378
2423 358256
2425 358256
2427 324641
2430 330653
2431 327603
2432 398022
2433 342764
2434 364890
2435 342764
2436 364890
2437 356808
2439 329872
2440 133980
2441 131537
2442 112546
2443 114738
2447 372879
2448 337892
2451 335088
2453 298908
2454 292549
2458 326835
2461 327397
2463 326835
2464 397088
2465 355121
2466 326835
2467 326835
2468 327397
2469 317417
2470 327397
2472 341959
2473 356078
2475 358220
2476 342881
2477 327716
2478 407068
2479 335625
2480 325394
2481 357385
2482 360712
2483 319346
2484 319346
2485 304318
2486 413772
2487 341153
2489 407775
2490 299908
2491 365552
2492 373832
2493 364679
2494 365552
2495 427137
2496 352172
2497 314147
2498 391582
2499 341437
2500 314147
2501 340149
2503 391582
2504 382909
2505 368547
2506 339191
2508 339775
2509 412100
2510 354888
2511 365567
2512 331267
2513 365567
2515 293277
2516 318754
2518 331267
2521 364116
2522 337983
2523 348011
2524 348610
2525 348011
2526 337983
2527 348610
2528 337372
2529 337372
2530 372305
2531 363189
2532 406110
2536 319643
2537 294095
2538 399873
2541 329127
2542 332014
2543 415348
2544 357685
2545 332014
2547 330884
2548 327832
2549 343003
2550 343003
2551 482575
2554 337372
2555 337372
2556 365374
2557 364059
2558 324629
2561 406110
2562 298682
2563 298682
2564 353811
2565 357105
2566 353811
2567 429863
2568 394082
2569 354420
2570 357105
2571 385353
2572 384432
2573 316153
2574 343616
2575 343616
2576 316153
2577 422686
2579 422686
2580 378013
2581 310874
2582 378013
2583 378013
2584 310874
2585 385125
2588 361771
2589 346365
2591 317111
2592 329560
2593 326520
2594 291766
2595 363684
2596 363684
2597 291766
2598 350629
2599 364393
2600 392278
2601 364393
2603 322605
2604 322605
2606 402124
2607 355268
2608 351991
2609 352597
2610 382454
2611 341848
2613 341848
2614 314526
2616 323738
2617 363060
2618 297863
2619 336446
2621 348769
2622 323738
2623 333343
2624 318754
2625 398760
2626 331267
2627 328776
2628 328776
2629 328776
2630 328776
2631 328211
2633 333136
2634 452955
2635 405084
2636 406053
2637 362075
2638 452955
2639 452955
2640 406053
2641 337040
2642 377075
2643 347637
2644 347040
2648 328396
2649 327832
2651 300476
2652 300476
2653 408548
2655 366244
2658 325671
2659 338456
2660 373501
2661 335911
2662 335911
2663 338456
2664 338456
2665 299642
2666 299642
2667 365228
2668 373501
2669 338456
2670 350852
2672 414232
2673 304656
2674 370453
2675 371340
2676 340946
2677 341532
2678 340946
2679 390785
2680 324641
2681 324641
2682 297618
2683 297618
2684 349484
2685 398760
2686 343400
2687 343400
2688 377111
2689 339158
2690 302538
2691 367878
2692 377111
2693 328819
2694 377111
2696 302538
2697 377111
2698 338168
2699 364046
2700 335049
2701 373183
2702 299387
2703 373183
2705 373183
2706 335625
2707 350554
2709 338168
2710 299387
2711 313540
2712 367125
2713 350887
2714 350887
2715 320188
2716 311378
2717 306476
2718 306950
2719 318539
2720 131250
2721 115327
2722 151578
2723 125618
2724 144512
2726 324641
2727 246069
2728 321647
2729 390785
2730 358256
2731 322200
2732 287411
2733 322200
2734 336532
2735 217534
2736 321647
2737 339542
2738 350218
2739 424766
2740 424766
2741 339542
2742 339542
2743 339542
2744 424766
2746 325194
2748 356930
2749 398926
2750 331405
2751 357619
2752 318886
2754 372126
2755 342485
2756 306032
2757 359079
2758 367212
2759 330255
2760 332757
2761 350840
2762 340145
2763 381460
2764 336967
2766 312959
2767 425521
2768 380549
2769 338168
2770 407068
2773 325394
2775 340879
2776 340293
2777 343461
2778 304073
2779 330487
2780 370629
2781 413439
2782 430661
2783 430661
2784 430661
2785 370871
2787 343738
2789 341153
2790 400404
2791 360106
2792 391535
2793 376123
2794 349129
2796 391535
2797 436760
2798 321224
2799 365950
2800 354786
2801 376123
2802 390600
2803 414232
2804 370453
2805 370453
2806 370453
2807 340946
2810 359303
2812 355076
2813 310743
2814 358125
2815 354194
2816 338471
2817 349484
2818 350321
2819 295810
2823 305118
2825 139126
2826 151540
2827 174333
2828 328191
2829 364541
2830 261911
2832 355615
2833 292454
2834 356467
2839 330337
2840 342436
2841 336532
2844 350321
2846 352525
2847 383292
2848 427565
2850 391974
2851 314462
2853 355196
2854 314462
2855 427565
2856 368205
2858 327997
2860 376169
2862 327997
2863 301782
2864 366958
2865 367837
2866 327997
2867 337729
2868 327997
2869 422686
2870 364003
2871 337879
2872 348502
2873 387501
2874 337879
2875 387501
2876 387501
2877 364003
2878 390785
2880 321647
2882 312378
2883 287411
2884 287411
2885 324641
2886 349240
2887 369966
2889 413772
2890 341153
2891 340567
2892 343738
2893 322200
2894 406110
2895 334836
2897 334836
2898 298682
2899 324629
2900 324629
2902 363454
2904 462747
2905 379363
2906 362584
2907 403852
2908 323991
2910 334512
2912 379493
2913 379493
2914 366085
2915 334512
2916 352257
2921 385584
2922 402734
2924 418235
2925 343951
2926 385584
2928 467661
2929 418235
2930 343951
2931 396482
2932 388505
2933 418235
2934 467661
2937 391056
2938 399914
2939 320831
2940 436225
2941 320831
2942 362390
2943 391056
2944 391056
2945 348702
2946 375663
2947 311362
2948 364576
2949 388111
2950 338410
2951 311362
2952 364576
2953 349410
2954 278845
2955 336006
2957 312378
2958 324641
2959 287593
2960 263055
2961 306248
2962 339398
2965 329894
2968 329894
2969 329894
2972 340789
2976 303993
2977 378925
2978 330400
2979 340789
2980 389682
2981 350463
2982 380141
2983 389682
2984 339780
2985 380141
2986 353119
2987 381051
2988 316153
2989 370185
2990 354420
2992 394082
2993 353811
2994 394082
2995 316153
2996 368246
2997 395670
2998 328699
2999 297618
3001 361032
3002 438636
3003 342338
3004 342338
3005 372216
3006 344931
3007 357565
3008 267344
3009 344931
3010 371327
3011 341750
3012 371327
3013 371327
3015 305375
3016 341750
3017 354992
3018 354144
3019 316543
3020 326496
3021 395995
3022 341019
3023 395995
3024 291244
3025 341019
3026 341019
3027 325935
3028 341019
3029 402279
3030 359763
3031 359763
3032 287411
3033 321647
3035 322455
3036 254007
3037 258955
3038 312378
3040 388010
3041 388939
3042 397749
3043 357104
3044 330426
3045 388939
3046 325224
3047 357250
3048 366217
3049 357250
3051 344010
3052 399469
3053 329360
3054 331855
3055 329360
3056 319320
3058 328794
3059 322200
3060 404497
3062 361747
3063 333506
3064 332933
3065 323339
3066 361747
3067 404497
3068 297496
3069 370826
3071 404497
3072 297496
3073 404497
3074 297496
3075 333506
3076 254703
3077 332933
3078 321327
3079 382768
3080 314784
3083 358967
3084 382140
3085 358967
3086 351828
3087 360148
3088 344811
3089 383397
3090 383397
3091 344218
3093 374009
3094 383397
3095 344811
3096 360148
3097 334300
3098 344218
3099 374009
3100 337292
3101 266928
3102 298244
3103 315740
3105 303782
3106 334134
3107 301098
3108 301087
3109 263599
3110 336963
3111 327254
3113 140834
3116 130119
3117 116041
3120 337917
3121 337337
3122 337337
3123 352948
3125 358681
3127 330111
3128 367684
3129 403391
3130 332022
3131 369813
3132 403391
3134 357805
3135 294255
3136 329305
3137 294255
3138 366786
3139 334300
3140 374009
3141 344218
3142 334300
3144 360148
3145 344811
3146 344811
3147 290667
3148 418208
3149 344811
3150 328518
3151 357190
3152 327954
3153 356337
3154 404985
3155 366986
3156 364226
3157 404985
3159 441757
3161 402279
3162 360624
3163 321566
3164 374991
3166 347503
3168 374991
3169 360231
3170 374096
3171 344298
3172 287634
3173 383485
3175 347503
3177 374991
3178 263361
3179 286772
3180 405815
3181 334593
3182 363795
3184 372035
3185 349475
3186 405815
3187 298466
3188 405815
3189 405815
3192 405815
3193 334018
3194 298466
3195 362926
3196 405815
3197 324393
3198 334018
3200 345363
3201 342766
3202 305757
3205 342766
3207 332317
3209 342766
3210 408707
3212 375255
3213 407731
3214 292674
3215 364442
3216 364442
3217 375900
3218 408707
3219 293554
3220 335313
3221 455916
3222 365421
3223 356474
3225 398601
3227 332834
3229 343262
3231 293160
3232 357327
3233 398601
3235 339859
3236 352306
3237 339859
3238 339859
3239 352306
3240 352306
3242 365866
3243 368067
3244 337303
3246 355971
3247 318754
3248 331267
3249 331267
3250 410324
3251 353358
3252 367837
3253 337729
3254 410324
3255 340873
3257 410324
3258 376169
3259 327997
3260 287411
3261 324641
3262 287411
3263 312378
3266 312378
3267 349484
3268 324641
3269 287411
3270 312378
3271 312378
3272 336532
3273 358256
3274 489674
3275 489674
3276 547840
3277 508897
3279 549151
3281 504203
3282 350321
3283 312378
3284 350321
3285 321647
3286 287411
3287 312378
3288 287411
3289 322200
3291 324641
3292 336532
3293 312378
3295 390785
3296 324641
3297 280363
3298 292932
3300 304463
3301 139144
3303 364333
3304 372586
3305 139144
3306 337627
3308 355076
3309 352407
3312 427421
3313 368081
3315 336879
3316 362926
3317 377797
3318 377797
3319 350103
3320 376895
3321 336879
3322 291597
3324 354574
3325 363473
3326 297923
3327 331426
3328 380101
3329 357052
3330 380101
3331 370794
3332 341847
3334 391422
3335 349864
3336 146726
3337 185744
3338 126851
3339 164033
3340 321647
3341 224785
3343 332940
3344 296992
3345 329147
3346 238063
3347 296992
3348 335463
3349 361134
3351 332940
3352 332940
3353 290674
3356 332940
3358 324641
3359 322200
3360 311200
3361 349484
3363 324641
3364 349484
3365 336532
3366 321647
3367 362316
3368 354291
3369 362316
3370 325852
3372 332429
3373 331858
3374 369629
3375 361442
3376 258827
3377 361442
3378 296536
3379 332429
3380 361442
3381 360579
3382 227893
3383 354411
3384 310768
3386 321387
3387 274984
3388 332590
3390 352886
3391 383685
3393 356005
3394 264640
3395 233952
3397 361930
3398 315528
3399 344087
3400 377621
3402 342189
3406 354722
3407 389638
3408 406968
3409 311268
3410 355549
3411 301284
3412 291701
3414 341554
3415 355549
3416 329487
3417 341554
3418 327009
3419 326447
3420 354700
3421 326447
3422 453385
3423 421156
3424 372858
3425 372858
3426 506964
3428 436581
3429 454470
3431 349484
3432 350321
3433 133793
3434 410366
3435 329217
3436 369066
3437 401276
3439 368432
3440 357815
3441 337372
3443 349729
3445 133774
3446 397336
3447 356733
3449 346454
3451 318763
3452 373242
3454 346454
3455 373242
3456 356733
3457 318763
3458 318763
3459 356733
3460 433413
3461 373242
3462 387607
3463 357213
3464 329326
3465 366179
3466 329326
3467 336267
3468 336846
3469 336267
3470 339398
3471 336267
3472 336267
3473 300476
3474 374540
3475 366244
3476 336267
3481 331267
3482 328211
3483 398760
3484 343400
3486 316687
3487 326083
3488 331267
3489 299373
3490 345206
3495 262648
3496 303692
3497 357470
3498 348340
3499 370826
3500 333506
3502 130785
3507 128726
3509 130785
3510 128726
3512 128726
3513 113109
3514 130785
3518 322200
3520 312378
3521 324641
3522 350321
3523 322200
3524 323334
3525 284108
3526 390785
3527 336532
3528 287411
3533 312378
3534 334630
3535 402809
3536 361100
3537 146094
3538 332114
3539 332114
3541 375997
3542 203048
3543 162041
3544 346048
3545 346048
3546 287593
3547 297618
3548 398447
3549 293047
3552 343130
3553 356337
3554 327954
3555 337127
3556 298466
3557 334018
3558 334018
3559 324393
3560 334018
3561 363795
3562 337127
3563 298466
3564 325960
3565 335631
3568 292047
3569 327397
3570 327397
3571 326835
3572 326835
3573 317417
3574 317417
3575 302109
3576 354549
3577 102707
3578 355398
3579 130793
3580 114748
3581 125404
3582 112173
3583 150817
3584 132680
3585 341409
3586 130793
3587 128211
3588 354549
3589 135732
3591 114748
3592 262872
3593 399099
3594 329394
3595 336532
3596 390785
3598 148663
3599 130785
3600 128726
3601 128925
3602 131900
3603 110570
3604 336532
3606 287411
3607 390785
3608 324641
3609 287411
3610 358256
3611 324641
3612 336532
3613 350321
3614 336532
3615 349484
3616 321647
3618 330224
3619 359663
3621 312582
3622 308160
3624 347323
3625 312582
3626 312582
3627 347323
3628 301210
3630 312582
3631 331405
3632 115466
3633 131407
3634 131611
3635 133072
3636 117922
3637 128445
3638 154989
3639 134411
3640 384715
3641 136269
3642 345509
3643 355761
3644 136723
3645 139690
3646 139783
3647 355761
3648 111977
3650 133072
3651 133509
3652 133509
3655 125769
3656 299387
3657 338542
3658 390243
3659 280377
3660 350968
3661 425676
3663 323128
3664 390243
3666 325701
3667 379227
3668 134967
3669 113142
3671 97816
3672 134967
3674 130785
3676 133793
3677 128726
3678 128925
3679 133793
3680 108132
3681 110239
3682 123613
3683 251618
3684 217534
3685 128982
3686 97627
3687 129040
3688 139726
3689 126300
3690 110483
3691 299498
3692 349690
3693 103267
3694 151211
3695 136434
3696 119089
3698 349690
3701 119447
3702 116813
3703 141551
3704 104792
3705 347387
3710 169586
3712 125754
3713 343192
3714 303835
3715 340027
3717 171318
3719 152001
3722 363189
3725 298682
3726 101239
3727 136753
3728 321647
3731 312378
3734 113109
3736 324641
3737 113109
3738 95593
3739 148663
3740 123202
3741 324641
3742 324641
3744 135371
3745 129362
3746 118765
3747 148819
3748 146972
3750 133016
3753 356616
3754 144625
3756 131556
3757 128958
3758 125716
3759 128958
3760 128958
3761 131556
3763 358256
3764 336532
3765 280363
3766 349993
3767 349993
3768 372586
3769 335088
3770 298908
3771 291577
3772 298908
3773 334513
3774 363463
3776 364333
3778 337627
3779 364333
3782 324641
3783 113109
3784 406110
3785 334260
3786 363189
3787 298682
3789 134297
3791 134089
3792 117822
3793 136234
3794 142206
3796 145956
3797 142674
3799 110443
3800 120622
3801 140428
3802 313540
3803 426311
3805 372879
3807 129572
3808 137095
3809 137546
3810 106473
3811 132824
3813 329781
3814 319729
3815 235804
3816 294174
3817 329215
3820 344450
3821 286959
3822 357707
3823 358563
3825 350613
3827 328820
3829 347976
3830 422048
3831 347976
3833 447774
3835 357934
3836 531910
3837 603436
3838 603436
3840 577738
3841 578333
3842 526071
3843 603436
3844 531910
3845 545934
3846 365780
3847 436763
3848 401014
3849 401014
3850 389459
3851 358331
3853 358865
3854 322999
3855 143028
3856 157481
3857 125677
3858 133793
3859 162945
3861 177166
3862 161156
3863 162945
3864 185828
3865 164822
3866 136593
3867 157138
3869 142717
3871 325129
3872 325129
3873 406735
3874 350267
3875 337892
3876 334775
3877 134319
3878 116166
3879 126532
3880 116166
3881 292544
3882 367212
3883 332757
3884 133793
3885 128925
3886 126379
3887 298911
3888 262648
3891 235085
3892 365567
3893 328776
3894 324641
3895 312378
3896 321647
3897 372783
3898 306572
3899 346284
3900 372783
3901 373675
3902 343090
3903 333204
3904 333204
3905 416837
3906 373675
3908 343090
3910 343090
3911 383747
3913 364333
3915 298908
3916 344358
3917 134592
3918 133454
3922 144625
3925 131556
3926 131556
3928 125716
3929 115417
3932 142773
3933 142773
3935 338302
3936 321647
3937 350321
3938 322200
3939 349484
3940 293386
3942 296642
3943 390785
3944 322200
3946 326279
3947 325718
3949 316333
3950 362791
3951 312444
3952 390785
3953 358256
3954 336532
3956 296642
3958 257395
3959 257395
3960 304463
3961 312378
3962 287411
3963 358814
3964 371956
3965 387196
3966 386272
3967 356116
3968 371956
3969 317665
3970 431920
3971 371956
3973 375783
3974 354731
3976 355228
3978 324641
3979 390785
3980 287411
3981 298466
3982 337127
3983 363795
3984 362926
3985 343738
3986 304318
3987 384216
3988 384216
3989 348166
3990 374809
3991 384216
3992 419103
3994 344955
3995 287411
3996 321647
3997 358256
3998 333560
4000 429097
4001 343004
4002 353789
4003 393379
4004 304960
4005 393379
4006 263651
4008 316153
4009 343616
4010 429863
4011 343616
4012 384432
4013 353811
4015 385353
4016 343616
4017 385353
4018 448253
4019 401838
4020 433261
4021 346333
4022 388399
4023 387471
4024 394702
4025 342766
4026 345363
4027 371792
4028 345363
4029 342177
4030 332317
4031 332317
4032 415729
4033 332317
4034 345363
4036 371792
4037 332317
4038 342766
4039 329212
4040 360074
4041 296121
4042 402627
4043 369112
4046 348553
4047 288858
4048 401681
4049 363992
4050 401681
4051 350242
4053 401347
4054 315079
4055 308387
4056 330908
4057 359914
4058 324103
4059 370593
4060 387743
4061 374043
4062 450252
4063 331357
4065 412773
4066 283515
4067 403630
4068 341784
4071 357190
4072 318504
4073 327954
4075 343130
4076 357190
4077 293047
4078 398447
4079 293047
4080 337678
4081 356205
4082 318823
4084 236761
4085 318504
4087 370610
4090 128925
4091 128925
4092 123202
4094 349484
4095 330972
4097 341379
4098 343965
4099 414046
4100 304519
4101 340792
4102 343965
4103 269430
4104 356563
4105 331405
4107 293399
4108 365720
4109 293399
4110 365720
4112 365720
4113 293399
4115 331801
4116 364046
4118 399469
4123 168556
4125 161393
4126 138183
4127 140875
4128 328794
4129 300476
4130 351828
4131 374540
4132 365370
4133 300476
4135 366244
4136 339398
4137 351828
4138 339398
4139 300476
4140 351828
4141 348689
4142 308701
4143 375372
4144 335518
4145 376270
4146 342124
4147 247449
4148 375372
4149 384793
4150 335518
4151 376270
4152 322200
4153 321647
4154 312378
4156 287411
4158 322200
4159 370042
4160 379330
4161 340567
4162 340567
4163 390785
4165 287411
4166 321647
4168 120821
4169 137502
4172 140893
4175 135536
4176 137041
4178 135536
4179 137041
4180 376628
4181 302150
4183 129952
4191 382768
4193 123580
4194 115702
4195 115702
4196 123580
4197 156289
4198 328470
4199 367596
4203 422048
4204 347379
4205 347379
4206 565610
4207 349484
4208 321647
4209 130356
4210 128726
4213 141733
4214 296683
4215 364046
4216 324641
4217 321647
4218 390785
4219 351695
4220 366494
4221 147552
4222 127610
4223 145454
4224 145229
4228 308750
4229 364619
4234 350321
4236 141733
4237 130785
4238 128925
4239 95593
4240 117628
4241 131066
4242 131066
4243 381123
4245 138676
4246 137154
4247 134446
4248 331855
4249 399469
4252 328794
4253 331855
4254 357250
4256 328794
4257 399469
4258 319320
4259 337040
4260 421636
4261 233073
4263 321596
4264 268782
4265 334691
4266 269590
4267 383846
4268 344622
4269 307941
4272 418698
4273 347830
4274 307941
4275 344622
4276 429097
4277 343004
4278 315589
4279 393379
4280 353789
4281 369525
4282 384666
4283 171349
4284 175067
4285 175067
4287 364059
4288 334836
4289 255719
4290 406110
4293 406110
4294 334836
4295 327390
4296 292544
4297 397763
4298 355725
4299 317957
4300 292544
4301 103047
4302 128550
4304 357427
4305 328957
4307 97765
4309 126422
4310 97765
4311 129165
4312 113083
4313 97765
4314 126422
4316 103540
4317 110590
4319 126422
4322 97765
4323 134898
4324 112744
4325 139861
4326 131900
4328 322200
4330 101239
4331 108132
4332 110570
4333 139974
4334 95593
4335 101239
4337 337337
4338 352948
4339 301431
4340 366532
4341 337337
4342 258073
4344 337917
4346 366532
4347 337337
4348 340477
4349 293527
4351 317821
4354 134255
4356 327390
4359 327954
4360 128550
4361 142473
4362 328211
4363 328776
4364 328211
4365 357470
4367 357470
4368 143564
4369 351488
4370 339070
4372 325031
4373 262013
4374 129660
4375 160364
4376 129272
4377 370349
4378 148100
4379 129660
4380 118718
4381 341436
4383 328490
4384 103393
4387 328490
4388 126243
4389 134706
4390 112923
4391 164104
4392 148335
4393 167968
4394 167968
4395 132286
4396 114711
4397 114711
4398 147525
4399 133349
4400 150999
4401 116649
4402 142289
4404 401950
4405 295623
4406 359469
4407 295623
4408 353312
4410 401950
4411 331406
4412 346147
4413 330837
4414 360330
4415 326292
4416 279367
4417 401950
4418 333917
4419 360330
4421 117922
4422 135903
4423 134411
4425 139486
4426 139486
4427 134203
4428 154989
4429 349484
4431 349484
4432 226236
4434 305121
4435 364333
4437 316642
4438 349993
4439 406416
4440 334513
4441 341750
4442 371327
4443 371674
4444 305660
4445 332212
4446 381002
4447 357899
4448 305660
4449 245011
4450 330837
4451 331406
4452 333917
4453 295623
4454 332316
4455 356109
4456 396640
4457 278577
4458 356109
4459 424296
4460 375638
4463 333311
4464 332738
4465 348136
4466 370610
4467 335836
4469 362401
4470 404260
4471 364619
4474 331530
4475 372879
4476 363749
4477 372879
4478 337892
4479 334775
4480 327870
4481 115448
4482 137719
4485 141583
4486 107165
4487 377270
4488 377270
4490 142699
4491 99749
4492 137635
4493 146059
4494 99749
4495 128987
4497 137635
4498 115378
4500 99749
4502 99749
4503 137635
4505 336408
4506 309520
4508 376367
4509 346985
4510 178141
4511 124523
4512 376367
4513 336408
4514 309520
4515 171819
4516 164517
4517 362419
4518 336408
4519 346389
4520 140858
4521 161023
4525 328957
4526 322200
4528 312378
4529 336532
4531 360886
4532 361750
4533 390825
4534 381255
4535 350887
4536 381255
4537 350887
4539 367125
4540 351491
4541 333415
4542 359789
4543 223414
4544 330340
4545 327098
4546 327661
4547 317673
4548 356258
4549 355408
4550 356258
4551 343090
4552 346284
4553 373675
4555 306561
4556 372783
4557 361750
4558 382248
4559 355076
4560 368081
4561 427421
4562 314356
4563 427421
4564 312378
4565 350321
4568 324641
4569 358256
4570 287411
4571 287411
4573 334513
4574 298908
4575 349993
4576 292047
4577 326835
4578 329877
4580 292047
4581 355121
4582 326835
4583 349484
4584 349484
4585 358578
4586 358578
4587 347647
4588 434906
4589 357962
4590 374527
4591 347647
4592 267220
4593 343692
4594 282790
4595 357774
4597 356920
4598 343692
4599 343692
4600 365878
4601 390785
4602 287411
4603 336532
4604 358256
4606 287411
4607 350321
4609 352280
4610 382768
4611 368582
4612 383685
4613 392376
4614 320135
4615 329781
4616 366685
4617 319729
4618 344450
4619 357707
4620 344450
4621 344450
4622 329781
4623 329215
4624 294174
4625 263451
4626 357707
4627 333677
4628 417429
4629 333677
4630 374206
4631 262847
4632 394082
4633 370185
4634 384432
4635 370185
4636 276779
4638 256753
4639 303692
4640 318754
4642 326447
4643 363603
4644 326447
4645 291701
4646 291701
4647 354700
4648 355549
4649 347030
4650 152296
4652 152296
4653 154732
4654 133820
4655 324641
4656 152296
4657 167685
4660 307836
4661 371775
4662 363540
4663 371775
4664 363540
4666 334359
4668 280404
4670 262530
4672 369940
4673 399203
4674 365739
4676 339741
4677 365739
4679 251618
4680 322200
4684 351828
4686 349484
4687 350321
4688 390785
4689 336532
4690 358256
4691 287411
4692 358256
4693 126295
4694 110239
4696 103489
4697 358106
4698 103489
4699 103489
4700 126360
4701 97717
4702 97717
4703 329360
4705 129101
4706 239331
4707 260605
4708 363056
4709 298573
4710 372169
4711 363056
4712 298573
4713 324510
4714 337249
4715 292221
4716 363925
4717 311813
4718 239331
4719 405961
4720 349601
4721 405961
4722 363056
4723 363056
4724 372169
4725 405961
4726 337249
4728 363056
4730 337249
4731 334172
4732 360010
4733 117930
4734 118284
4735 141102
4736 344087
4737 344679
4738 418049
4739 132237
4740 141102
4741 132237
4742 108303
4744 307463
4745 118284
4746 307463
4747 137706
4748 360010
4749 375316
4750 337543
4751 327254
4752 327254
4753 366126
4754 340100
4755 333697
4756 409394
4757 352557
4758 306882
4759 327254
4761 352557
4762 227893
4763 301098
4764 304645
4769 358256
4770 390785
4771 336532
4772 118507
4773 150472
4774 118863
4775 147010
4776 118863
4777 150472
4780 146555
4781 398062
4783 137347
4784 151948
4785 155526
4786 151948
4787 381380
4788 424058
4789 413675
4790 298682
4792 363189
4793 372305
4795 117028
4796 337372
4797 364059
4798 110501
4799 331902
4800 342338
4801 357565
4802 371327
4803 305375
4804 354779
4805 287411
4806 349484
4807 349484
4808 358256
4810 322200
4811 350321
4812 384607
4813 368229
4814 328470
4815 384607
4816 398158
4817 318272
4818 327716
4819 328280
4820 328280
4821 342881
4822 342881
4825 330767
4826 365015
4827 318272
4828 330767
4829 330767
4830 292834
4831 319478
4832 293943
4833 366398
4834 404497
4835 297496
4836 323339
4837 404497
4838 361747
4839 332933
4840 297496
4842 362613
4843 357105
4844 316153
4845 343616
4846 370185
4847 394082
4848 353811
4850 429863
4851 353811
4852 429863
4853 353811
4855 370185
4856 275557
4858 419011
4859 324641
4860 390785
4861 358256
4862 324641
4863 312378
4865 349484
4866 322200
4867 349484
4868 324641
4869 298466
4870 372035
4871 337127
4872 334593
4873 362926
4874 334018
4875 362926
4876 362926
4877 363795
4878 362926
4879 363795
4881 355228
4882 324641
4883 322200
4884 358256
4885 336532
4886 321647
4887 287411
4889 329205
4890 293659
4891 329205
4894 358256
4895 349484
4896 322200
4897 321647
4898 349484
4899 355586
4900 364511
4901 397608
4902 292430
4903 329489
4904 330310
4905 336532
4906 287411
4907 321647
4908 358256
4909 322200
4910 321647
4911 322200
4912 321647
4913 321647
4914 287411
4915 390785
4916 287411
4918 322140
4919 331698
4920 331698
4921 322140
4923 347048
4926 402997
4927 296393
4929 352034
4930 351429
4931 352034
4932 352034
4933 354701
4934 351429
4935 382758
4937 325175
4938 367692
4940 352034
4941 382758
4942 341302
4943 352034
4944 367125
4945 390825
4947 313540
4950 380190
4951 305008
4952 371769
4953 380190
4954 341927
4956 371340
4957 304656
4958 371340
4959 397030
4960 442889
4961 442889
4962 397030
4963 442889
4966 395042
4968 379493
4969 379493
4970 403991
4971 311768
4972 388617
4973 423902
4975 311768
4976 352153
4977 348905
4978 379101
4981 335049
4982 338168
4983 299387
4984 325394
4985 407068
4986 312378
4987 287411
4988 390785
4989 322200
4990 372392
4991 373284
4992 332854
4993 372392
4994 373284
4997 287411
5000 343320
5001 358591
5002 306251
5003 373284
5005 373284
5006 306251
5007 373284
5008 358591
5009 410825
5010 376628
5011 341290
5012 376628
5013 338723
5014 328398
5016 348252
5017 348252
5018 375799
5019 335097
5020 340299
5021 361007
5022 361007
5023 345633
5024 374901
5025 361007
5026 297930
5028 318504
5029 293047
5030 293047
5031 318504
5033 344169
5034 344169
5035 417429
5036 382682
5037 333677
5038 333677
5040 373313
5041 357385
5042 398062
5043 278737
5044 347087
5045 347087
5046 438442
5047 350473
5049 357678
5050 228925
5051 337127
5052 298466
5053 324393
5054 406416
5055 293798
5056 366217
5057 329699
5058 366217
5060 331855
5061 366587
5062 311544
5063 294095
5064 294095
5067 329127
5068 330033
5069 286883
5070 235581
5071 340612
5072 249496
5073 369455
5075 336532
5076 358256
5077 287411
5079 411352
5080 377111
5081 302538
5082 411352
5084 339158
5086 367878
5088 329733
5089 369783
5090 340100
5091 369783
5093 303379
5094 378159
5095 369783
5096 343449
5097 343449
5098 343449
5099 331314
5100 328823
5102 324911
5103 366044
5104 357936
5105 329205
5106 312378
5108 322200
5109 358256
5110 321647
5111 390785
5114 334190
5115 334190
5116 321566
5120 295854
5122 295865
5124 335235
5125 361156
5126 132217
5127 139894
5129 375954
5131 376123
5132 400404
5133 360106
5134 367596
5135 322200
5136 297618
5137 390785
5138 349484
5140 250863
5141 336532
5142 322200
5143 350321
5144 322200
5145 322200
5146 390785
5147 287411
5148 354178
5149 340100
5150 301098
5151 367003
5153 269652
5154 340100
5155 301098
5157 327254
5158 366126
5159 327254
5160 307357
5161 257787
5162 337543
5163 352557
5164 337543
5165 337543
5166 375316
5167 352557
5170 333677
5171 371048
5172 344417
5173 371048
5174 354636
5175 371048
5176 386251
5177 254013
5178 324629
5179 349729
5180 372305
5181 298682
5182 337372
5183 324629
5184 322200
5185 349484
5186 324641
5187 336532
5188 287411
5189 390785
5190 324641
5191 312378
5192 349484
5193 336532
5194 390785
5195 349484
5196 324641
5197 312378
5198 350321
5200 350321
5201 312378
5202 230384
5203 390785
5204 350321
5205 324641
5206 336532
5207 330337
5208 356467
5209 317859
5210 397641
5211 339516
5213 339516
5214 303379
5215 412495
5217 380135
5218 349021
5219 324641
5220 321647
5221 336532
5222 358256
5223 321647
5224 312378
5225 342140
5226 364227
5227 330052
5229 317585
5230 355309
5231 364227
5232 254294
5234 321647
5235 358256
5236 324641
5237 324641
5238 321647
5239 350321
5240 331307
5241 336532
5242 409848
5243 366532
5244 337917
5246 337337
5247 352948
5248 301431
5249 337917
5250 327616
5251 340477
5252 337917
5255 337337
5256 367409
5258 322200
5259 358256
5260 322200
5261 350321
5262 322200
5263 350321
5264 390785
5265 324641
5266 321647
5267 324641
5268 287411
5269 349484
5270 390785
5271 312378
5272 390785
5274 324641
5275 358256
5277 287411
5278 322200
5279 369813
5280 360758
5281 403391
5282 332022
5283 353892
5285 356573
5289 384778
5292 315681
5293 369633
5294 369633
5295 384778
5297 370544
5298 344204
5299 371431
5300 416271
5301 342624
5302 372276
5303 270878
5304 345813
5305 306156
5306 381620
5307 345813
5308 343213
5309 342624
5310 374516
5311 416271
5312 342624
5313 392054
5315 383370
5316 341848
5317 368280
5318 375903
5319 355268
5320 382454
5321 392054
5322 314526
5325 314526
5326 383370
5327 298908
5328 349993
5329 322200
5330 321647
5331 324874
5332 324874
5333 349993
5336 324874
5337 298908
5339 334513
5340 368547
5342 339775
5343 369429
5344 373313
5345 382682
5346 359477
5347 344169
5348 343577
5350 307008
5352 333677
5353 322200
5354 287411
5355 358256
5356 287411
5357 322200
5358 349484
5359 324641
5360 322200
5361 350321
5362 312378
5364 358256
5365 336532
5366 321647
5368 358256
5369 350321
5370 312378
5371 328167
5373 292734
5374 327603
5375 292734
5376 327603
5377 292734
5378 356808
5379 341927
5380 331504
5382 357135
5383 331504
5384 305008
5385 341927
5386 414710
5388 360936
5389 402627
5390 353219
5391 369112
5392 360936
5394 346729
5395 312378
5396 300156
5397 281297
5398 336532
5400 312378
5401 336532
5403 390785
5405 324641
5406 322200
5407 287411
5408 312378
5409 322200
5410 350321
5411 349484
5412 349484
5413 349484
5414 324641
5415 287411
5416 350321
5418 324641
5419 330052
5420 317585
5421 355309
5422 342140
5423 317228
5424 343497
5425 390785
5426 321647
5431 287411
5432 336532
5433 319025
5434 319025
5435 329056
5436 329056
5437 328490
5438 293527
5439 365015
5440 327716
5441 365015
5442 327716
5443 328280
5444 342881
5445 318272
5446 342881
5447 327716
5449 292834
5450 318272
5451 390785
5452 336532
5453 321647
5454 336532
5455 300156
5456 281297
5457 350321
5458 321647
5459 322200
5460 336532
5461 246069
5464 312378
5465 390785
5467 336532
5468 390785
5469 349484
5470 349484
5471 287401
5472 281297
5473 324641
5474 292544
5475 356576
5476 355725
5477 356576
5478 342541
5479 398926
5480 357619
5481 365720
5482 356765
5483 328348
5484 365720
5485 348769
5486 333343
5489 363060
5490 363060
5491 333917
5492 371283
5493 339070
5497 326262
5498 324641
5499 321647
5500 321647
5501 349484
5502 312378
5503 349484
5504 350321
5505 324641
5506 390785
5507 349484
5508 336532
5509 358256
5510 321647
5511 322200
5512 358256
5515 322200
5516 287411
5517 358256
5518 358256
5519 321647
5520 287411
5521 217534
5522 358256
5523 287411
5525 287411
5526 350321
5528 390785
5529 321647
5530 350321
5531 390785
5532 322200
5533 321647
5535 350321
5536 252078
5537 257762
5539 321647
5540 336532
5541 367212
5542 329688
5543 324641
5544 336532
5545 296121
5546 331394
5547 369112
5548 334479
5550 296121
5551 334479
5552 296121
5553 296121
5554 136797
5555 366300
5556 319392
5557 366300
5558 131616
5560 152000
5561 312378
5562 336532
5565 336532
5566 321647
5567 293386
5568 297618
5569 257395
5570 336532
5571 324641
5573 292932
5574 297618
5575 293386
5578 280363
5579 336209
5580 364679
5581 325960
5582 335631
5583 338756
5584 364679
5585 332965
5591 133793
5592 130356
5593 113109
5594 350321
5595 358256
5596 130785
5597 128726
5598 126379
5599 130785
5602 141858
5603 140084
5604 142324
5605 145598
5606 345880
5607 202609
5608 225127
5610 132832
5611 130209
5612 116537
5613 153168
5614 331964
5616 343130
5617 327954
5618 398447
5620 336532
5621 123202
5622 123202
5624 128726
5625 148663
5626 133793
5628 141733
5629 130785
5630 312378
5631 194850
5632 187761
5634 187761
5635 189845
5636 189845
5637 187471
5640 190469
5642 332019
5643 293943
5644 399666
5646 336532
5647 349484
5648 324641
5649 336532
5650 321647
5651 304484
5652 260696
5654 287411
5657 358256
5658 358256
5659 349484
5661 307138
5662 365866
5664 352306
5665 390785
5666 358256
5669 322200
5670 321647
5671 321647
5672 379227
5673 267011
5675 349021
5676 388746
5678 321647
5679 349484
5680 312378
5681 336532
5683 350321
5684 324641
5686 350321
5687 358256
5689 322200
5692 369813
5693 332594
5694 361621
5695 335114
5696 332594
5697 335114
5698 322455
5699 369813
5700 361621
5701 305008
5702 357135
5703 305008
5704 287411
5705 390785
5706 349484
5708 336532
5709 358256
5710 349484
5712 336532
5713 358256
5714 336532
5715 358256
5716 257395
5717 336532
5719 350321
5721 365720
5722 331405
5723 328913
5724 293584
5725 345350
5726 262757
5727 286203
5728 286203
5729 365720
5730 251196
5731 345776
5732 375954
5733 184398
5734 191360
5736 287411
5738 349484
5739 350321
5740 350321
5741 350321
5742 358256
5743 312378
5744 287411
5745 292932
5746 257395
5747 333677
5749 338576
5750 377111
5751 302538
5752 296102
5754 295179
5755 129795
5756 320821
5757 339070
5758 374178
5759 300185
5760 185785
5761 175013
5763 219082
5764 189994
5765 192103
5766 197168
5767 189994
5768 189994
5769 186243
5770 219082
5771 192103
5772 208869
5773 181561
5774 192735
5776 328644
5777 328080
5778 357327
5779 343680
5780 164567
5781 160339
5782 160867
5783 372783
5784 343090
5785 416837
5786 305950
5788 343119
5790 381123
5791 342766
5792 372682
5793 332317
5794 299642
5795 373501
5796 364356
5797 407414
5798 325671
5799 407414
5800 350852
5801 365228
5802 325671
5804 135665
5805 138785
5806 138785
5808 154210
5809 117330
5810 133529
5813 328280
5814 131154
5815 128764
5816 136317
5817 136317
5818 131154
5819 144407
5820 125526
5822 151468
5825 136317
5831 132815
5832 351695
5834 133469
5836 399666
5837 293943
5838 319478
5839 357427
5840 345990
5841 294129
5842 329523
5843 329862
5844 300054
5846 145029
5848 133387
5849 115740
5850 115740
5851 152120
5852 115740
5853 145029
5854 131923
5855 131923
5857 328490
5858 356920
5859 399099
5860 356920
5861 329056
5863 343692
5864 131464
5866 393379
5867 353789
5868 353789
5869 353789
5871 361747
5872 333506
5875 336032
5876 297496
5878 340873
5879 366958
5880 367837
5881 410324
5882 338310
5883 346985
5884 420845
5885 349614
5886 376367
5888 370453
5889 269551
5890 344567
5892 342764
5894 292723
5895 255509
5896 328167
5897 396963
5898 414193
5902 183419
5903 146376
5905 192387
5906 312378
5907 321647
5908 322200
5909 350321
5910 324641
5911 336532
5912 349484
5913 191530
5914 360365
5915 360365
5916 312520
5917 345813
5918 123089
5920 142324
5921 389867
5922 141858
5923 141858
5925 134073
5926 137530
5928 161780
5931 130785
5932 130356
5933 148663
5934 148663
5935 113109
5936 133793
5937 123202
5938 128726
5939 123202
5940 130785
5941 126379
5942 141733
5943 141733
5944 123202
5945 141733
5946 141733
5947 130785
5950 130785
5951 128726
5952 130356
5956 113109
5957 154169
5958 154169
5961 138748
5962 117298
5963 117298
5964 117298
5965 127765
5966 324641
5967 312378
5968 349484
5969 322200
5970 322200
5971 390785
5972 336532
5973 336532
5974 336532
5975 349484
5976 321647
5977 358256
5978 350321
5979 324641
5980 349484
5981 349484
5982 113109
5985 140802
5986 144433
5988 169900
5989 367596
5990 129268
5991 169900
5993 147115
5994 161980
5995 152906
5996 169900
5997 144433
5998 148978
5999 129268
6000 330487
6001 340293
6002 340879
6003 230145
6004 356109
6005 339398
6006 339398
6008 221941
6010 256315
6011 217895
6012 221941
6013 222284
6014 212417
6015 225491
6017 217895
6018 224751
6019 244367
6020 321566
6021 321566
6022 367912
6023 338507
6027 408961
6029 340477
6030 352948
6032 366615
6034 352184
6036 339741
6037 292834
6038 289469
6041 343090
6042 306572
6043 346284
6044 372783
6047 351695
6048 379514
6049 338410
6050 388111
6051 423350
6052 388111
6053 351695
6054 379751
6056 356723
6057 356723
6059 130209
6060 130122
6061 111409
6062 98490
6063 153168
6065 330884
6066 327832
6067 363652
6068 360918
6069 360298
6070 275638
6073 370936
6074 359629
6075 370299
6076 373747
6078 345558
6079 265232
6080 323846
6081 389474
6082 296329
6083 350516
6084 289677
6085 359629
6088 370299
6089 370936
6090 366710
6092 323846
6093 373747
6094 359629
6095 402347
6096 370299
6097 370936
6099 387435
6100 370299
6103 359629
6104 283290
6105 373747
6106 370299
6108 336267
6109 339398
6110 366244
6111 326577
6112 339398
6116 313896
6117 357235
6118 350723
6119 350723
6120 313896
6121 392927
6122 410404
6123 392252
6125 336438
6127 396015
6128 366986
6129 363601
6130 353123
6131 245908
6133 304318
6134 340567
6135 356327
6137 255983
6138 356616
6139 398760
6140 357470
6141 308767
6142 339966
6143 312677
6147 362466
6148 268782
6149 318877
6150 347830
6151 307941
6152 360569
6153 334593
6155 555063
6156 556392
6157 555063
6158 322200
6159 324641
6160 187289
6163 168556
6165 159216
6166 187289
6167 356920
6169 356920
6170 356920
6171 357774
6173 343692
6174 359938
6175 391089
6176 400905
6179 392025
6180 338302
6181 312378
6182 312378
6183 324641
6184 358256
6185 321647
6186 350321
6187 358256
6190 350613
6191 337369
6192 347976
6193 323339
6194 362613
6195 297496
6196 332933
6197 362613
6198 362613
6200 370826
6201 336032
6202 348340
6204 178929
6205 173471
6206 173471
6207 183647
6209 136449
6210 304656
6211 136660
6212 344120
6214 138177
6215 138632
6216 138632
6217 344120
6218 341532
6219 340946
6220 379751
6221 130594
6222 331121
6223 138632
6224 138177
6225 136660
6226 336532
6227 324641
6229 163897
6230 168218
6231 158897
6232 330884
6235 154902
6236 158897
6237 142213
6238 318386
6239 378346
6240 386916
6241 363454
6242 377443
6243 350613
6244 350613
6245 347976
6246 422048
6248 347976
6249 378346
6250 349050
6251 311362
6252 348451
6253 364576
6254 388111
6255 336532
6256 358256
6257 322200
6258 361895
6259 390521
6260 375150
6261 359174
6262 390521
6263 358557
6264 280492
6266 435629
6267 359174
6268 390521
6269 361895
6270 435629
6271 375150
6272 358557
6273 348225
6274 358557
6275 361895
6276 330754
6277 370042
6278 356327
6279 329506
6282 260544
6283 230330
6286 313649
6287 336532
6288 322200
6290 324641
6291 336532
6292 466818
6293 407039
6294 456478
6295 509204
6296 419116
6298 407039
6299 332464
6301 344641
6302 329964
6303 294337
6304 358762
6305 332464
6306 358762
6307 366889
6308 366085
6309 352257
6310 395042
6311 324102
6312 366085
6313 366085
6314 363332
6315 395042
6316 324102
6318 324102
6320 324393
6321 334018
6322 337127
6323 349475
6324 322908
6325 332489
6326 333061
6327 322908
6328 403957
6329 362129
6330 362129
6331 254364
6332 322908
6333 361264
6334 375591
6335 352815
6336 366395
6338 327494
6339 367272
6340 327494
6341 368900
6342 378159
6343 303379
6344 303379
6345 368900
6346 368900
6347 322200
6348 380647
6351 344931
6352 341750
6353 305375
6354 372305
6355 363189
6358 337372
6359 363189
6361 298682
6362 324629
6363 322200
6364 358256
6365 336532
6369 390785
6370 350321
6371 287411
6372 390785
6373 350321
6374 336532
6375 336532
6376 390785
6379 390785
6380 324641
6381 312378
6383 321647
6384 338410
6385 348451
6386 351695
6387 348451
6388 388111
6389 311362
6390 423350
6391 266575
6392 388111
6393 388111
6394 351695
6395 378608
6396 348451
6397 311362
6398 311362
6399 423350
6400 423350
6401 276898
6402 322200
6403 321647
6406 321647
6407 390785
6408 324641
6410 312378
6411 312378
6412 287411
6413 324641
6414 390785
6415 335235
6416 345182
6417 345182
6418 375056
6419 375954
6420 419379
6421 375954
6422 361156
6424 376367
6425 258581
6426 362419
6427 377268
6428 420845
6429 377268
6430 322200
6431 390785
6432 287411
6433 321647
6434 322200
6435 312378
6436 390785
6437 350321
6438 338410
6439 348451
6440 351695
6442 388111
6444 423350
6445 348451
6446 348451
6447 351695
6448 379514
6449 388111
6451 379514
6453 288319
6454 313365
6455 359388
6456 325667
6457 350588
6458 350321
6459 358256
6460 358256
6461 287411
6462 322200
6463 336532
6468 281297
6471 322200
6472 312378
6473 336532
6475 356616
6476 293277
6478 365567
6479 313365
6480 323218
6481 359388
6482 351427
6483 351427
6484 324641
6485 358256
6486 287411
6487 336532
6488 321647
6490 324641
6493 336532
6494 358256
6495 321647
6496 287411
6497 321647
6498 349484
6499 390785
6500 324641
6501 324641
6502 321647
6503 312378
6504 287411
6505 287411
6506 336532
6507 358256
6508 350321
6509 342189
6510 339033
6511 309245
6512 302947
6514 342189
6515 242837
6518 402236
6519 387329
6520 373644
6521 404656
6522 370197
6523 373644
6524 373644
6525 370834
6526 359530
6528 403199
6529 359530
6530 370197
6531 359530
6534 375732
6535 366532
6537 284856
6538 371318
6539 382335
6540 415424
6541 400028
6542 385894
6543 305960
6544 415424
6545 371318
6546 385894
6547 341640
6548 370531
6549 369647
6550 355947
6552 330400
6553 378925
6554 340789
6555 340203
6557 355947
6558 355947
6559 326262
6560 365890
6561 339070
6562 336520
6563 335942
6564 365890
6565 374178
6566 351488
6567 365890
6568 365017
6569 335942
6570 287411
6571 349220
6577 369705
6578 307463
6579 126114
6580 111092
6581 198379
6583 226465
6584 216635
6585 183595
6587 117878
6588 128525
6589 145655
6590 147044
6592 167099
6593 116835
6596 116835
6601 171389
6602 144117
6603 131634
6604 116835
6606 151519
6607 130957
6608 144117
6609 151304
6610 130957
6612 151304
6613 116835
6614 151304
6615 126244
6616 143315
6617 126244
6618 114795
6619 106240
6620 131048
6621 137583
6623 137779
6624 157807
6625 106240
6626 173545
6627 137861
6628 131634
6629 137861
6630 130957
6631 173545
6632 137861
6633 137861
6634 116835
6635 131634
6636 124274
6637 136586
6638 113802
6641 144117
6642 151519
6643 116835
6644 116835
6645 131634
6646 126244
6647 129069
6648 124423
6650 129736
6651 124423
6652 167099
6656 116835
6657 151519
6658 143315
6661 122922
6664 142021
6665 162897
6668 142223
6669 122922
6671 126244
6674 151519
6676 151519
6677 144117
6679 151304
6680 144117
6681 151304
6682 173545
6683 130957
6684 144117
6685 129220
6687 140645
6689 131634
6690 128818
6692 173545
6693 136180
6694 141466
6695 134746
6696 123075
6697 111381
6698 165442
6700 131425
6701 111381
6702 144445
6704 142858
6706 129981
6707 133253
6708 140681
6709 140881
6716 131262
6717 138776
6719 166628
6720 169993
6721 178725
6724 137813
6727 160166
6728 139838
6729 107828
6730 116511
6731 184046
6732 183389
6733 187595
6737 167602
6738 175207
6739 159208
6740 175207
6741 127550
6742 118044
6743 118044
6744 163400
6745 141225
6746 136142
6747 155417
6748 148671
6750 154552
6751 141955
6752 187152
6755 125996
6756 308984
6757 308984
6758 370847
6759 141177
6760 140391
6762 122442
6766 163457
6767 123345
6768 110044
6769 163457
6770 123345
6771 163457
6772 123345
6773 110044
6774 118906
6776 146821
6777 134855
6778 119694
6781 146821
6782 129333
6783 135329
6784 109711
6785 134576
6786 129455
6787 109711
6788 134576
6789 109711
6790 109711
6792 109711
6793 134164
6795 136433
6796 126265
6797 125009
6798 125009
6799 141248
6800 115151
6803 141248
6804 115151
6805 135873
6807 111092
6809 111092
6810 152716
6811 111092
6812 133334
6813 111092
6814 138529
6815 166001
6816 121589
6817 131028
6819 138529
6820 120348
6823 126042
6824 138529
6825 120348
6826 137609
6827 151438
6828 159216
6829 138321
6830 158990
6831 132657
6833 173800
6835 160953
6836 124893
6837 124893
6838 170512
6841 138933
6842 115922
6844 125046
6845 142192
6846 178503
6847 178503
6848 149283
6849 152716
6850 102813
6851 121315
6852 111092
6854 115240
6855 121315
6856 133144
6859 133144
6860 102813
6861 133334
6862 102813
6863 122548
6864 133799
6865 126518
6866 133799
6867 172114
6869 133799
6870 126518
6871 172114
6872 126518
6873 126518
6876 126518
6879 176061
6880 157464
6886 120442
6887 169156
6889 156235
6890 160245
6891 160245
6892 124344
6894 172114
6898 158966
6899 126518
6900 133799
6901 176061
6902 133799
6903 172731
6904 122548
6905 158966
6907 150897
6909 163047
6910 137102
6911 124583
6913 125227
6914 165098
6915 144145
6917 133799
6921 130112
6922 123031
6924 150819
6925 130647
6926 110722
6927 124104
6928 122077
6930 130647
6931 119638
6934 139892
6935 116556
6938 116556
6939 200394
6940 173199
6942 349213
6943 367150
6945 318966
6947 151582
6948 155365
6949 132016
6950 173715
6952 156956
6953 153028
6954 120280
6956 155008
6957 116506
6959 121792
6963 113357
6964 147044
6965 159648
6966 172852
6969 117629
6970 124352
6971 125887
6972 115279
6973 117717
6974 165329
6975 165329
6979 113357
6980 111092
6981 115836
6982 102813
6984 138359
6985 120201
6986 115279
6987 128429
6988 138359
6990 117029
6994 115240
6995 115240
6996 121315
6998 115836
7002 185198
7003 171052
7004 169435
7005 139401
7006 143971
7007 175443
7009 115240
7010 152716
7011 115836
7012 126114
7013 343948
7014 292257
7015 282980
7017 171897
7018 135681
7020 162857
7021 123765
7022 117029
7026 145655
7027 133334
7028 133334
7030 113357
7031 119836
7032 126114
7036 147044
7037 123765
7038 150819
7039 128927
7040 171283
7041 156704
7042 159776
7043 119836
7044 117029
7045 117029
7046 117029
7047 117029
7048 123765
7049 113357
7050 123765
7051 162857
7052 117029
7053 159776
7054 123765
7055 135112
7056 116776
7057 125415
7058 127796
7059 152830
7060 117380
7061 128511
7063 152830
7064 127796
7065 123316
7066 130413
7067 119446
7068 119446
7069 126114
7070 150819
7071 113357
7072 121315
7075 115836
7076 133633
7077 133633
7078 121430
7079 160920
7080 140497
7081 132889
7082 160920
7083 127832
7084 132889
7085 140497
7086 156187
7087 136365
7088 121315
7089 159776
7090 145655
7092 159206
7093 159206
7094 123765
7095 159206
7096 150819
7097 119836
7098 159776
7099 151257
7101 121531
7102 115240
7108 153390
7109 208457
7111 159776
7112 147044
7113 159206
7114 117029
7117 167467
7118 171766
7119 143455
7120 184875
7121 151712
7122 184875
7123 122935
7124 159776
7125 159776
7126 119836
7129 102813
7130 126820
7132 126114
7133 126237
7135 138076
7137 120126
7140 120126
7141 131517
7142 115207
7143 119508
7144 120126
7145 125808
7146 119508
7148 120126
7149 131517
7150 138076
7151 122097
7152 160971
7155 133675
7157 170578
7158 135123
7160 142858
7161 135123
7162 172227
7163 157376
7164 165673
7165 181827
7166 151712
7167 173190
7170 173190
7171 181827
7172 165745
7173 162041
7174 109091
7177 133447
7178 122201
7179 141476
7180 144281
7181 136430
7182 144281
7183 169800
7184 185597
7185 129508
7186 132148
7187 178032
7188 144281
7190 128594
7191 128594
7192 154852
7193 128594
7194 127878
7195 116852
7196 128594
7197 135199
7198 123012
7199 112646
7200 127878
7201 135199
7202 116852
7203 104251
7204 152716
7205 133144
7206 133144
7207 133334
7208 121315
7210 136170
7212 118966
7213 124594
7214 105592
7215 154895
7216 123075
7217 164095
7218 127632
7219 167947
7221 123581
7223 137305
7224 116899
7225 130783
7226 114564
7227 130248
7228 136743
7229 118354
7231 167259
7234 163509
7235 151019
7236 154895
7237 136203
7240 164933
7241 120833
7242 153847
7243 145517
7245 174089
7246 121175
7247 170185
7250 121175
7251 121175
7252 170185
7253 128101
7255 138393
7256 195578
7257 136132
7258 174920
7259 140543
7260 157376
7261 127584
7262 137858
7263 130491
7264 168460
7265 123390
7266 126349
7267 126349
7268 153571
7271 159206
7272 119836
7273 159776
7277 129054
7278 129054
7279 156859
7280 126032
7281 158356
7282 122077
7283 122077
7284 161016
7285 167858
7286 159016
7289 117029
7290 117029
7291 159776
7292 113357
7293 159776
7294 147044
7296 149488
7297 120109
7299 163395
7300 117029
7301 123765
7302 153903
7303 167229
7304 167229
7305 153903
7306 152449
7307 122488
7308 118645
7309 118645
7310 170454
7311 114387
7313 124890
7314 160653
7315 114387
7316 120925
7320 114387
7322 122055
7323 122055
7324 162735
7325 162154
7326 120030
7329 147044
7330 162984
7331 134094
7332 126844
7333 138490
7335 130953
7336 134094
7337 178147
7338 130953
7339 215816
7340 204130
7341 179815
7342 189425
7343 186529
7344 179815
7346 205273
7347 215509
7348 196362
7349 205273
7351 179815
7354 136576
7355 124104
7356 143386
7357 140666
7358 114676
7359 123911
7360 141453
7361 128537
7362 141453
7363 148507
7365 127960
7366 165193
7369 117200
7370 150592
7371 152029
7372 123898
7373 165193
7374 155932
7375 123898
7376 168378
7377 117200
7378 152029
7380 150819
7381 163873
7382 126938
7383 116264
7384 149390
7385 126938
7386 120030
7387 116264
7388 150815
7389 162684
7390 197735
7391 216905
7392 157519
7393 207273
7394 223612
7395 274383
7397 297075
7400 271790
7401 454264
7403 491834
7404 163383
7405 177513
7406 174155
7407 160277
7408 132233
7410 160277
7411 160277
7412 131172
7413 138817
7414 167162
7415 145739
7416 138817
7418 176805
7419 158129
7420 173460
7421 127052
7422 121315
7423 115240
7425 102813
7426 103884
7427 134531
7428 128141
7429 112249
7430 134723
7431 134531
7432 117042
7433 103884
7434 154307
7435 116440
7436 136165
7437 119278
7438 163969
7439 110389
7440 163969
7441 143159
7442 143159
7443 124371
7444 124371
7445 130254
7446 119278
7447 110389
7448 174857
7449 170937
7451 136165
7452 119278
7453 123731
7454 135407
7455 142955
7456 122656
7457 134615
7461 126820
7462 115240
7464 126820
7465 115240
7466 133334
7468 115836
7470 111092
7471 133334
7472 115240
7473 133334
7474 133144
7475 102813
7477 115836
7478 152716
7479 121315
7480 111092
7481 115240
7483 143007
7484 143007
7488 133144
7489 115836
7491 115836
7492 152716
7493 126114
7494 111092
7496 152716
7497 115240
7498 133144
7499 111092
7500 126820
7501 121315
7503 114773
7504 124015
7505 128645
7506 141573
7507 148633
7508 124015
7509 175461
7510 174559
7511 183762
7512 183762
7514 131886
7515 125282
7516 144953
7517 120773
7518 144953
7519 137104
7520 131886
7521 125929
7522 125282
7523 144953
7524 144746
7525 166023
7531 126114
7532 115240
7533 126114
7534 121315
7535 365333
7536 301695
7537 124512
7538 143857
7539 131076
7540 124512
7542 302988
7543 135313
7544 114676
7546 117564
7547 104347
7549 135324
7550 135324
7551 117564
7552 165288
7553 118776
7554 137038
7555 119053
7556 119053
7557 119053
7558 165518
7559 137908
7560 157432
7562 151409
7563 137957
7564 151625
7565 116917
7566 144217
7567 151409
7568 116917
7569 133083
7570 151625
7572 140980
7573 108864
7574 128455
7575 117630
7576 133536
7577 122653
7578 134284
7579 128455
7580 161704
7581 122022
7582 161704
7584 125764
7585 137690
7586 131714
7587 125764
7588 200307
7590 165415
7591 159121
7592 145712
7593 151933
7594 166341
7595 174636
7597 174885
7598 151933
7599 134852
7600 106738
7601 111092
7602 133144
7603 152716
7604 133334
7608 130785
7609 160737
7610 167600
7612 133313
7613 130829
7614 130829
7615 123709
7616 130829
7618 247529
7620 239672
7621 266669
7622 301638
7623 319553
7624 239672
7626 247529
7628 294089
7629 226714
7633 151845
7636 155743
7638 174490
7640 125389
7642 121454
7643 164892
7644 150857
7645 124116
7646 154247
7647 148965
7648 162824
7649 115933
7650 148965
7651 119689
7652 356671
7653 159776
7654 145655
7655 150942
7656 116362
7658 120131
7660 129889
7661 182425
7662 168490
7666 166898
7667 129889
7669 116977
7670 164290
7673 168571
7678 165766
7680 129085
7681 155443
7682 123482
7684 290638
7685 137980
7686 168142
7687 163934
7688 162385
7689 162385
7690 145145
7691 159298
7693 143375
7696 135624
7697 174266
7698 128349
7699 124274
7700 117555
7702 135250
7703 128476
7707 152089
7708 152089
7709 128011
7710 164668
7711 165806
7713 128435
7714 117635
7716 151151
7717 128435
7718 169003
7720 152593
7721 162857
7722 117029
7723 119836
7725 113357
7728 150819
7729 117029
7730 145655
7731 117029
7732 147044
7733 162857
7734 145655
7736 147044
7738 159776
7739 119836
7744 115964
7745 113357
7746 117029
7748 113357
7749 119836
7750 255969
7756 228931
7757 115610
7759 123968
7760 162857
7761 117029
7764 183204
7767 187906
7768 202905
7769 154199
7772 113357
7773 159776
7774 159776
7776 113357
7777 159776
7778 117029
7779 119836
7780 159776
7783 162857
7784 159206
7786 113357
7787 150819
7788 117029
7789 113357
7790 113357
7791 117029
7792 150819
7793 147044
7794 152115
7797 117266
7798 156020
7799 164696
7800 168473
7802 162857
7803 113357
7804 150819
7806 166402
7807 166402
7812 113357
7813 150819
7821 113357
7822 119836
7824 159776
7825 113357
7829 159776
7831 117029
7833 162857
7834 113357
7836 159776
7841 174678
7842 180871
7845 268953
7846 131750
7847 127567
7850 128320
7851 389334
7853 286990
7854 302988
7856 275375
7857 145655
7858 150819
7859 159206
7861 159206
7862 113357
7863 123765
7864 117029
7865 162857
7866 117029
7867 113357
7868 147044
7869 113357
7870 147044
7871 145655
7872 150819
7874 150819
7875 162857
7876 119836
7880 135879
7882 124452
7883 178798
7884 124452
7885 124452
7887 175415
7888 159912
7889 178798
7890 128484
7891 124452
7892 165581
7893 128870
7894 124826
7895 166078
7897 131961
7898 175314
7900 131658
7901 139235
7902 134816
7904 173666
7905 142881
7906 175322
7907 159660
7910 114990
7912 161499
7916 117029
7919 221039
7920 197691
7921 153855
7923 263797
7926 262918
7927 348004
7928 239672
7929 239672
7930 239672
7931 247529
7932 301638
7933 234059
7934 318411
7935 318411
7936 234059
7939 301638
7940 226714
7941 247529
7942 291310
7943 226714
7944 234059
7945 301638
7946 247529
7947 319553
7948 239672
7949 276047
7951 255641
7952 269857
7954 270824
7955 192142
7956 203125
7958 354329
7960 193115
7964 198073
7965 170260
7968 107486
7969 121266
7970 174219
7971 174219
7972 174219
7973 125194
7974 174219
7977 305106
7979 153512
7980 149670
7982 115381
7983 115381
7985 149670
7989 148256
7992 126343
7993 122333
7994 122333
7996 148690
7997 115719
7998 115719
8001 120491
8002 169226
8004 127378
8005 127378
8006 156299
8007 169832
8008 154822
8009 160311
8010 160311
8011 169832
8012 169832
8015 120491
8018 169832
8020 147044
8021 145655
8022 159776
8024 168653
8025 126494
8027 130641
8028 171905
8029 123531
8031 171905
8033 155214
8034 123531
8035 126494
8036 119655
8038 122602
8041 118755
8042 125543
8043 122602
8044 167385
8046 118755
8048 158001
8049 118755
8050 118755
8053 122602
8054 123765
8055 162857
8056 147044
8058 162857
8059 119836
8063 162857
8065 162857
8067 147044
8069 123765
8071 119836
8072 113357
8074 154736
8077 122949
8078 122949
8079 149438
8081 126979
8082 163926
8083 256755
8084 163384
8086 145655
8087 126820
8088 117029
8089 150819
8091 121315
8095 152716
8096 150819
8097 159776
8098 150819
8100 133144
8101 102813
8103 111092
8104 165839
8105 134885
8106 122726
8107 112384
8108 116580
8109 134885
8111 112384
8112 112384
8113 127581
8114 112384
8115 122726
8116 154492
8118 193509
8119 186883
8120 158797
8124 150155
8126 166135
8128 153854
8129 115638
8130 129372
8131 128652
8132 117559
8135 119849
8136 119849
8137 126820
8138 133334
8139 115836
8140 145655
8141 145655
8143 121315
8144 115836
8146 154784
8148 171429
8150 162857
8151 113357
8152 119836
8153 119836
8154 117029
8155 155557
8157 178801
8158 154757
8159 170308
8160 179056
8161 138069
8162 179056
8164 136938
8165 120192
8166 163509
8167 156843
8168 110157
8169 110157
8170 135123
8171 110157
8172 123471
8173 135879
8176 116939
8178 167082
8179 145877
8180 126081
8181 138750
8183 126732
8184 355866
8185 111889
8186 134100
8190 133334
8191 115240
8192 133144
8193 115240
8194 126820
8195 115836
8196 133334
8197 115240
8198 133144
8199 102813
8201 115836
8205 115836
8206 152525
8207 144471
8209 152742
8210 138974
8211 132696
8213 152525
8214 152742
8215 154443
8216 113357
8218 147044
8220 163031
8221 150521
8223 152199
8224 144764
8225 132225
8226 166263
8227 121976
8229 119119
8230 163248
8231 133144
8232 159776
8233 126114
8234 133144
8236 162857
8238 266316
8240 132932
8241 136576
8242 135815
8243 129054
8244 156859
8247 175385
8248 124746
8249 172067
8250 171452
8252 171452
8253 171452
8254 172067
8255 175754
8257 175754
8258 354549
8259 363650
8260 383872
8261 273323
8262 167647
8263 167647
8264 127405
8265 162167
8266 165294
8268 115053
8270 121629
8271 153076
8272 149245
8273 149245
8274 121629
8275 115053
8278 113357
8280 126217
8281 163725
8282 181332
8284 133430
8285 177266
8286 177902
8287 126217
8288 162178
8289 167928
8290 177902
8291 119884
8292 149208
8293 150631
8295 166829
8296 156475
8297 184151
8299 204996
8300 212264
8302 124051
8303 135441
8304 135441
8305 131141
8306 145705
8307 164215
8310 167381
8312 167381
8313 167381
8315 128185
8316 122077
8317 171452
8320 158356
8321 129054
8323 128715
8326 124629
8327 166167
8329 153747
8331 287415
8332 268593
8333 133334
8334 159776
8335 147044
8336 147044
8337 159776
8339 117029
8341 147044
8342 147044
8343 150819
8344 113357
8345 127203
8349 267578
8350 126820
8351 121315
8352 117029
8353 159206
8354 113357
8355 117029
8356 145655
8357 150819
8362 145655
8363 124508
8365 331458
8368 124921
8372 152296
8375 119356
8376 137297
8378 124921
8379 137101
8380 382185
8384 123968
8385 165286
8386 157376
8387 166128
8388 122118
8389 166128
8390 157376
8391 151988
8392 129146
8393 158176
8394 154217
8395 166972
8396 158176
8398 166972
8401 152700
8406 161708
8408 129953
8410 119025
8411 154397
8412 122881
8413 281643
8414 148591
8416 129423
8417 175886
8418 133666
8420 119836
8422 145655
8423 119836
8424 159776
8425 113357
8426 117029
8427 147044
8428 117029
8430 128193
8431 164718
8432 132346
8433 135520
8434 135520
8436 132346
8437 135520
8438 139963
8439 164769
8441 116899
8442 119025
8443 167166
8444 154397
8445 126733
8447 127668
8448 177663
8449 177663
8450 158896
8451 158896
8453 123662
8454 130730
8455 173679
8456 135016
8457 130730
8458 160412
8460 129552
8461 172731
8462 129552
8463 122548
8464 172114
8465 128007
8467 155586
8468 132203
8469 161102
8470 161839
8471 137516
8472 177529
8473 133151
8474 176895
8475 176895
8477 150949
8481 213321
8482 213321
8483 153293
8484 122666
8485 109438
8487 122077
8488 126032
8489 113357
8492 121315
8494 152716
8496 150819
8498 113870
8499 163771
8500 300306
8501 315282
8502 263063
8503 127567
8504 124580
8505 128950
8507 165876
8508 151758
8512 157138
8513 153206
8515 153206
8516 153937
8518 139880
8519 142053
8520 156502
8521 118097
8523 118097
8524 118708
8525 156502
8526 124323
8527 118097
8528 136640
8529 105362
8530 129964
8531 129241
8532 129241
8533 118097
8534 113847
8535 156502
8536 105362
8537 136640
8538 105362
8539 105362
8540 164773
8541 143656
8542 136832
8543 136832
8544 143656
8546 164773
8547 143656
8548 136832
8549 119863
8550 143656
8551 110930
8552 136071
8553 143656
8554 143861
8555 124980
8556 164773
8557 110930
8558 110930
8559 115240
8560 126820
8562 126114
8563 133144
8564 121315
8565 126820
8568 118630
8569 142805
8571 135034
8572 187912
8573 184357
8574 187912
8575 145517
8576 153628
8578 308031
8579 132296
8580 132296
8582 166539
8584 121148
8585 125671
8586 137530
8587 125671
8590 126321
8591 145196
8592 112119
8593 111038
8595 144001
8597 143796
8599 143796
8600 136203
8601 119980
8602 124459
8603 137530
8604 145196
8605 112119
8606 145196
8607 112119
8608 121148
8609 132296
8610 121148
8611 137530
8612 112119
8613 115576
8614 115576
8615 142563
8616 124011
8617 136103
8618 129638
8621 129638
8622 118410
8623 136297
8624 128917
8627 156110
8629 145655
8630 145655
8631 119836
8633 123765
8634 115836
8636 102813
8638 123765
8641 115836
8643 120201
8644 157312
8646 126538
8650 349025
8651 297722
8652 147623
8653 125437
8654 118611
8655 121455
8656 114889
8657 118611
8658 118611
8659 148150
8660 164082
8661 148150
8662 117909
8665 121065
8666 164696
8667 123968
8670 128032
8671 152115
8674 237572
8675 169155
8676 169155
8677 178823
8679 217351
8680 217351
8681 225057
8683 261700
8685 340247
8686 118224
8687 161407
8688 125028
8689 348981
8691 121232
8692 117428
8693 150886
8695 152325
8696 152325
8697 154351
8698 169315
8699 131154
8700 155823
8702 383912
8704 282496
8706 390912
8707 272095
8708 287646
8709 318102
8710 317649
8711 131342
8713 131342
8714 172828
8715 156047
8716 160053
8718 127173
8719 120297
8722 156047
8724 121312
8725 157363
8726 132450
8727 161403
8731 129526
8734 120604
8736 118633
8737 152435
8738 166616
8739 245219
8740 264423
8741 382544
8742 306897
8743 554163
8745 190680
8746 138262
8747 143317
8749 190680
8750 358256
8752 336532
8753 332014
8755 308441
8756 145913
8757 128070
8758 321647
8760 319816
8761 294255
8762 400089
8763 324629
8764 132745
8766 463773
8767 112319
8768 157407
8769 136509
8770 344622
8771 344622
8772 338022
8773 340100
8774 771754
8775 152325
8776 153847
8777 359454
8780 118405
8782 145690
8783 123470
8785 132409
8786 126379
8788 333204
8790 373675
8791 373675
8792 132626
8793 132626
8794 130209
8797 281643
8798 365878
8799 329056
8800 293527
8804 335631
8805 158666
8806 120348
8807 138529
8809 126042
8810 324217
8811 250463
8812 355725
8813 356576
8814 356576
8815 134855
8816 155006
8817 335807
8818 344011
8819 265755
8820 271747
8821 270932
8823 335351
8824 372879
8825 366786
8828 296299
8832 426311
8833 351491
8834 124702
8835 147506
8836 330255
8837 359079
8838 293136
8840 356327
8842 139834
8844 336532
8845 323902
8846 312378
8847 600729
8848 647177
8850 388399
8851 441757
8852 330873
8853 358272
8854 370299
8859 118754
8860 162630
8861 148256
8862 121976
8863 169175
8864 119119
8865 147472
8868 396038
8870 114648
8871 139974
8872 95593
8873 129333
8874 129333
8877 141476
8878 464104
8879 372328
8880 351920
8881 379130
8882 393723
8884 408283
8885 176817
8886 172852
8887 342140
8888 324641
8889 336532
8890 322200
8892 251618
8893 287411
8894 134373
8895 127061
8899 349484
8900 135199
8901 293047
8902 356563
8903 330972
8904 343003
8905 322532
8907 131867
8908 115448
8909 99810
8910 306542
8911 251305
8912 124746
8913 137102
8915 154618
8916 140645
8917 134402
8918 221974
8919 222284
8920 244367
8921 129268
8923 413330
8924 305487
8925 350954
8926 338554
8928 169372
8929 152926
8930 102813
8931 414334
8932 122949
8933 163341
8934 309953
8935 154397
8938 152938
8939 130839
8940 126733
8941 126260
8942 119389
8944 234498
8945 338410
8947 390785
8948 321844
8950 1920027
8952 134944
8957 317458
8959 283107
8960 312378
8961 324641
8962 349484
8965 367809
8966 333298
8967 139086
8969 148908
8970 358256
8971 312378
8972 161704
8973 121315
8974 378013
8975 420558
8977 358256
8978 348502
8979 310874
8980 363289
8981 437307
8982 350741
8983 317473
8984 303982
8985 155006
8986 317957
8987 356576
8988 128185
8991 399410
8992 411613
8994 203352
8995 144273
8996 152519
8999 207273
9000 144273
9001 191951
9003 157519
9005 144273
9006 153888
9007 162684
9008 149001
9009 408537
9010 428349
9011 417861
9012 335216
9013 123189
9014 154784
9015 123765
9016 145655
9017 287411
9019 102813
9020 384216
9021 358256
9022 349484
