2 1047782
3 716547
4 799769
6 839401
7 935679
8 1149998
9 827254
11 1043291
13 1354437
14 947182
16 983743
17 1206231
20 972939
21 798437
22 879526
24 909591
25 873151
27 754016
28 880465
29 909013
33 271905
34 985449
35 693961
36 652362
37 787605
38 713490
39 1056480
41 859921
42 732884
43 922137
44 619959
46 718388
47 981042
49 809232
50 809232
54 912891
57 719040
58 847253
60 735677
61 651377
62 717100
63 718120
66 836113
67 965618
69 800488
70 778169
71 707728
72 751861
73 707393
75 663207
77 922359
79 717780
80 721439
81 835717
84 238526
86 425488
87 303853
88 490258
89 437148
90 798387
92 571508
96 918796
97 784751
99 810337
101 838132
105 943155
106 711127
107 614632
108 777969
111 716103
117 923823
119 909292
120 627626
121 775829
122 764039
124 612342
125 966100
126 835854
128 818872
129 742190
133 741814
134 739026
135 733208
137 546909
138 606144
139 632947
140 694801
141 629418
142 629737
143 563922
145 560560
146 701967
147 546909
148 620624
149 692926
150 825105
152 563922
153 640448
155 585160
156 813559
157 593452
158 655098
159 559502
160 559502
162 643402
164 559502
165 559502
166 528528
167 559502
171 688039
174 211904
177 623555
178 739208
179 968181
180 845425
181 807019
183 690582
184 560498
185 669010
186 682998
188 682998
189 711487
190 560498
191 591486
192 636560
193 807019
194 669010
195 786368
197 695108
198 657207
199 947388
200 767313
201 859999
202 644813
204 286739
205 286739
206 751638
207 751638
212 766673
213 611864
214 760637
218 914726
219 1397042
220 1146475
228 288848
229 709216
230 756617
231 931974
232 735522
233 756617
235 668942
236 641952
239 979910
240 979910
242 836950
243 965791
244 986188
245 758191
252 1635013
254 722196
256 608165
257 716796
258 749312
259 842535
260 696811
261 633734
269 1169933
270 602258
273 842535
274 610670
276 608165
277 957053
278 802499
279 599658
281 729992
282 701831
283 217087
284 147316
285 163437
286 247683
287 811754
288 658846
290 200867
292 900561
293 755887
294 620314
306 302745
308 886852
309 1072319
310 818416
311 912287
313 806572
315 912287
316 952888
318 711681
320 830505
321 806709
322 1046488
323 992365
324 674193
327 1097590
333 402389
335 402389
336 299855
341 620908
342 537715
346 539397
347 578122
348 789128
349 682741
350 539397
351 754595
352 537852
354 790537
356 587922
357 718296
358 711070
359 642651
361 814742
362 830224
363 548790
364 793893
365 565862
366 597147
367 689534
368 357580
369 680119
370 672650
372 640504
373 896991
374 523240
375 664404
376 548624
380 409813
381 409813
382 379628
383 335349
385 300718
386 348135
387 359826
389 1248864
390 373620
391 525908
392 847823
393 575994
395 342705
398 288710
399 913804
400 629436
401 610446
403 770648
405 767003
407 693361
408 647543
409 824184
410 618156
411 550251
412 689058
414 800067
417 836602
418 1082798
419 736157
420 832643
421 963310
422 1004406
423 827939
425 976689
426 185905
428 1325553
431 1004230
432 880218
433 671800
434 662079
436 762013
437 958929
438 857544
439 625755
442 908459
443 673025
444 620314
445 692328
446 995553
449 652752
450 673025
452 1409929
453 623554
454 649685
455 791676
456 874689
457 650497
458 649685
459 686024
460 622775
461 644983
462 748769
463 779868
464 779868
465 654842
466 815558
467 748769
468 800349
469 253569
471 934290
476 769269
477 716105
478 872733
479 716105
480 888298
481 891362
482 924199
483 838949
484 704933
485 625596
486 641121
487 589808
488 641121
489 746399
491 723173
493 767806
494 731203
495 624501
496 662395
498 888298
499 593467
500 653739
501 639472
502 673768
503 580515
504 639472
505 882796
506 610872
508 664018
512 882796
520 346610
521 290635
522 374030
523 311849
526 924805
527 882885
528 669901
529 749279
530 882885
531 910259
533 609306
535 889361
536 609306
537 752800
540 679944
541 679944
542 579027
543 1091814
544 664697
545 1183842
547 1129152
548 740792
549 1109850
550 883270
552 729320
553 896419
554 767748
555 763854
556 985089
557 705577
558 646278
559 763854
560 1000831
561 705577
562 679944
564 1078009
565 1045820
566 668520
568 604754
569 822611
570 916964
571 957773
572 604754
573 965373
576 623567
577 768288
579 695990
580 822611
581 1181181
582 993727
583 1203626
584 765942
585 736697
590 1200246
591 155473
593 244819
596 289514
597 289514
600 703849
604 798721
605 715604
606 809396
607 976364
608 874129
609 830690
610 715604
611 1158003
612 1333189
613 680062
615 761893
616 623722
618 882272
619 1051135
620 393686
621 342910
625 290862
626 651947
628 341882
629 644983
630 586598
635 768197
636 529141
637 663481
638 644983
639 586598
640 610636
641 675696
644 727657
645 720336
646 609054
647 613811
648 601095
649 791589
650 545677
654 670507
655 574211
657 601095
658 841043
659 872026
660 687313
662 586533
663 546383
664 574211
665 670507
666 705929
667 714665
668 815723
669 772035
670 584840
671 245649
672 261692
673 271939
675 205429
679 290862
680 223941
681 265982
682 256541
683 223941
684 823854
685 559709
686 619682
687 628782
688 687638
689 757020
692 687638
695 737905
697 810895
698 750732
700 559709
701 628782
702 681360
703 687638
704 759068
707 564316
708 865905
709 602044
711 686968
712 830634
713 760395
714 785325
715 923085
716 763429
717 627125
718 923085
719 947327
720 726387
721 770463
722 885751
723 720383
724 645421
725 649191
726 645421
728 734279
729 863085
730 658724
731 849509
732 863085
733 710969
736 710969
739 1073066
740 720383
741 704611
742 849964
743 754705
745 422509
746 662573
747 666443
748 697220
750 633342
751 679676
755 161641
756 244961
758 345116
759 335911
760 361893
761 766054
762 135984
763 209428
764 124967
766 666857
767 593602
768 845823
769 905020
770 786905
772 1185791
774 905020
776 980697
777 805602
778 1008824
779 777236
782 173935
783 124967
784 227017
788 714395
791 657207
792 730326
795 721814
796 718153
797 778205
799 707761
800 718153
801 760899
802 778205
803 696950
804 767272
805 906531
806 842786
807 672608
809 907775
810 644042
811 913375
812 770899
814 754082
815 1000019
816 754082
817 887344
818 982854
819 825850
820 834657
822 1044258
823 894385
825 903474
826 876497
827 998560
829 849288
831 241059
832 305599
833 425318
834 312248
835 348162
836 251636
839 312248
841 718654
842 710761
843 686630
844 734556
845 647350
849 676967
850 844620
852 958867
854 717146
855 791641
856 676120
857 717146
861 717146
862 782947
864 692953
865 1019979
866 789505
867 960495
868 818415
869 675492
871 952887
874 734556
875 788440
877 698072
878 919624
879 755910
881 745342
882 663465
883 755910
885 807667
886 647350
887 647350
888 1031526
889 780117
890 1005130
891 767136
892 706707
893 944909
895 633168
896 634319
898 779427
899 991120
900 634319
902 684107
903 684107
906 779427
907 768531
908 832796
909 779427
910 284329
911 255814
912 711803
913 620239
914 159739
915 242079
916 808539
918 611789
919 808539
920 549305
921 687873
922 617093
923 555385
924 668695
925 795822
926 676767
928 873063
929 749605
931 867241
932 737502
934 867241
935 925937
936 540125
937 579562
938 621962
939 686182
941 832077
943 646267
944 1060354
945 783675
946 518789
947 751610
949 577801
950 644523
951 585782
952 784112
953 782784
954 551959
955 783675
956 574377
958 827986
959 798330
960 660252
961 542369
962 548372
963 612062
964 673819
965 785774
966 612062
967 604064
968 609302
969 675642
970 609302
971 612062
972 604064
973 542369
974 693711
976 799578
977 603095
978 767768
979 671127
980 725451
981 693711
982 625495
985 1118587
990 614819
992 897914
995 1058022
996 659185
997 771899
999 843328
1000 243818
1001 223941
1003 695075
1004 725432
1005 840050
1007 882589
1009 1164633
1010 772305
1011 682811
1013 772305
1015 769450
1017 668584
1018 1030547
1019 847087
1020 725432
1022 740998
1023 739207
1024 769450
1029 285293
1035 751329
1036 682469
1037 611453
1038 751329
1039 643427
1040 912502
1041 887695
1042 828083
1043 1060771
1044 760240
1045 893600
1046 672144
1048 753362
1049 702540
1050 629435
1051 760779
1052 624949
1053 691912
1054 760779
1055 769329
1056 1029326
1058 270596
1061 808509
1062 917067
1064 879545
1065 753362
1068 291824
1070 377736
1071 288214
1074 288214
1076 274356
1077 974147
1078 275614
1080 916965
1081 947069
1082 822040
1085 873987
1089 777978
1090 916965
1091 1186792
1092 785650
1093 793018
1094 1186792
1097 1168143
1098 1217978
1099 905798
1101 224015
1102 1217978
1103 952912
1104 952912
1105 773414
1106 950341
1107 1241123
1108 1122827
1110 726436
1111 834149
1113 208561
1114 190566
1117 137329
1120 240280
1121 178910
1122 208561
1123 249620
1125 208525
1127 289841
1129 627802
1130 293970
1131 293970
1132 159884
1134 732014
1135 662938
1136 141477
1138 1069159
1139 584020
1140 620908
1141 760419
1142 233786
1143 919130
1144 760158
1147 494171
1148 266623
1150 313392
1151 266623
1153 239884
1154 292721
1155 182254
1156 387046
1157 223941
1158 223941
1159 210991
1160 256541
1163 1102481
1165 328859
1168 190883
1169 876676
1171 692615
1172 1019854
1174 1121129
1175 1136188
1176 918816
1177 662770
1178 734554
1179 734554
1180 1085066
1181 1014508
1182 860984
1184 1014508
1185 806952
1186 718308
1187 880184
1188 755775
1189 331463
1190 387078
1194 327070
1195 238917
1197 852472
1199 1017585
1200 667197
1201 273894
1203 232215
1205 651741
1207 242157
1208 308088
1209 308088
1210 191822
1220 270009
1221 235698
1222 273518
1223 300271
1224 242157
1226 1030284
1231 707151
1232 956011
1233 782257
1234 584477
1235 532675
1236 643836
1237 784061
1238 848532
1240 643836
1242 873725
1243 691977
1244 1323223
1246 652360
1247 589752
1249 804652
1250 848532
1251 643836
1252 760131
1253 679603
1255 688601
1257 733464
1258 642670
1259 791825
1260 862127
1261 791825
1262 783129
1263 676277
1265 805224
1268 818091
1272 890978
1273 605312
1274 836572
1276 754308
1277 816115
1278 680012
1279 818323
1280 680012
1281 731630
1283 731630
1284 605312
1285 816115
1286 182254
1287 257346
1290 292721
1292 358162
1293 230078
1294 274153
1296 652360
1301 784061
1302 652360
1304 873725
1305 848532
1310 584477
1311 771729
1312 848532
1313 182254
1314 257346
1315 670687
1316 651987
1317 592968
1318 775938
1319 535581
1320 824415
1321 691972
1322 825696
1323 692486
1324 692486
1325 809041
1326 719075
1327 644250
1330 700535
1333 1085106
1334 786832
1335 672013
1337 795198
1340 769155
1343 638618
1344 778191
1345 808508
1346 638760
1347 730272
1349 739043
1350 672143
1351 672143
1353 685490
1354 828360
1355 716683
1356 695800
1357 779651
1358 604554
1359 892796
1360 892796
1361 755647
1362 686391
1363 772267
1366 757691
1367 574327
1369 622352
1370 755647
1371 660519
1372 537903
1374 677422
1379 313392
1380 198822
1382 319331
1383 225178
1384 239884
1385 311229
1386 243890
1389 305304
1390 205430
1392 859816
1393 1139911
1394 935212
1395 719760
1396 601392
1397 813607
1399 165431
1402 156208
1403 152982
1404 235607
1408 745219
1409 963243
1410 783914
1411 675244
1412 699969
1413 225437
1415 228204
1416 904662
1417 942907
1418 255394
1419 188581
1420 596176
1421 627131
1423 772679
1425 566620
1426 804963
1429 944043
1430 732027
1432 298088
1433 319845
1434 689774
1438 315742
1440 259681
1441 156208
1443 1419791
1444 188581
1453 871292
1454 240663
1455 1445301
1456 980537
1457 1283893
1458 1251038
1459 944536
1462 1105128
1463 1056456
1465 1053606
1466 844534
1468 1105128
1471 1105128
1473 806290
1476 794622
1477 1084176
1479 914856
1481 493483
1482 279380
1486 333812
1487 251582
1489 340177
1490 305894
1492 1036783
1493 837929
1494 800453
1496 924590
1497 937217
1499 1017152
1500 970193
1501 844979
1502 996829
1503 955727
1505 1100479
1506 1072318
1507 774373
1508 912285
1509 1100479
1510 853017
1511 814867
1512 814867
1513 886850
1514 901178
1515 695747
1516 318558
1517 417890
1518 449071
1519 303920
1520 630331
1521 364092
1522 312248
1525 823996
1526 1112809
1527 519096
1529 250287
1530 318857
1531 873995
1532 962180
1534 283069
1537 191143
1538 165685
1539 1009862
1540 165685
1541 662134
1543 679781
1544 629230
1545 1000591
1546 877162
1547 763672
1548 629230
1551 686000
1552 808322
1553 678466
1555 791659
1556 650315
1557 650315
1558 663089
1559 898329
1560 879139
1561 345065
1564 703428
1565 799558
1566 651133
1567 1009810
1568 618776
1569 813782
1571 690643
1573 163181
1574 694057
1575 861245
1576 640499
1577 640499
1578 570139
1580 661361
1582 911977
1583 912104
1584 692072
1585 603724
1586 692072
1587 661119
1588 734941
1589 609311
1590 734941
1591 668413
1592 771988
1593 765576
1594 874663
1595 603724
1597 556517
1598 711624
1599 840784
1602 696904
1603 796538
1606 676094
1607 796649
1608 802861
1610 802861
1612 668657
1616 875654
1617 734982
1618 705571
1619 651124
1620 839709
1621 664415
1622 875532
1623 734982
1624 648318
1625 685009
1626 616238
1627 697006
1629 579224
1630 616238
1631 569255
1632 630251
1633 727914
1634 623375
1635 569255
1636 569255
1637 569255
1641 216331
1642 309530
1643 163646
1644 209280
1645 241151
1646 228630
1650 123522
1651 170398
1652 732469
1653 1020935
1655 1063385
1656 902465
1659 734317
1660 960902
1661 817541
1662 817541
1663 262925
1666 143712
1668 178485
1670 754294
1672 754294
1673 1048709
1675 947690
1676 729697
1677 769272
1682 912427
1683 1109620
1689 319145
1690 319145
1692 293251
1695 226443
1699 298086
1700 273948
1703 205827
1704 205827
1706 1162707
1708 1279129
1711 1118986
1712 1138600
1714 368857
1716 234529
1717 275217
1718 304672
1719 368857
1720 273706
1721 220427
1723 127382
1726 682839
1727 949661
1728 173935
1729 226226
1731 761762
1735 709608
1737 132345
1739 880691
1740 1019136
1741 829802
1742 765769
1743 829802
1744 989924
1745 846632
1746 1110045
1747 848923
1750 252655
1754 244299
1758 279863
1762 702636
1763 193228
1764 760239
1765 682013
1768 625597
1769 617422
1770 617422
1774 190565
1775 141188
1776 575687
1778 605791
1779 153636
1780 617308
1781 932498
1782 196479
1785 575687
1786 634153
1787 853087
1788 716667
1789 606138
1790 696686
1792 695668
1793 645487
1794 654033
1795 850709
1796 764909
1797 645487
1799 645487
1800 798204
1802 750177
1805 718213
1807 189435
1808 658997
1809 644311
1810 634987
1814 262053
1815 142525
1819 281922
1820 234143
1821 281922
1822 193541
1823 305599
1830 275876
1831 238734
1835 165163
1836 174623
1837 211257
1838 189658
1839 287420
1840 233094
1841 642482
1842 642482
1843 929459
1844 932743
1846 960930
1847 229019
1848 186342
1851 224961
1853 625554
1856 757671
1858 858952
1859 1028511
1860 683054
1861 755601
1865 670236
1866 670236
1868 924683
1869 774309
1872 960796
1873 722687
1875 785678
1876 924683
1878 770318
1883 710058
1884 775159
1885 933039
1886 770318
1891 663225
1893 595766
1895 915045
1896 595766
1899 1096600
1900 821941
1901 915045
1902 695676
1904 566160
1905 695676
1906 595766
1909 774465
1910 653296
1911 611864
1912 648606
1913 796982
1914 831336
1915 779880
1916 573818
1917 756505
1918 644632
1919 635303
1920 750550
1924 635303
1925 726076
1926 819629
1927 665237
1929 965779
1930 726076
1931 536798
1935 869202
1937 630022
1944 599957
1947 627224
1949 869202
1950 653470
1951 598714
1952 672212
1953 735677
1954 598714
1955 536798
1957 856729
1958 721287
1959 627165
1960 685899
1961 808810
1962 767173
1963 683173
1964 813052
1965 658658
1966 683173
1967 698625
1968 659519
1970 594317
1971 672212
1972 285293
1973 659519
1974 580651
1975 718772
1976 604270
1977 573979
1978 718772
1979 831569
1980 659714
1984 698732
1985 604270
1986 614859
1987 741583
1988 844858
1991 573979
1992 635481
1993 667040
1994 667040
1995 541391
1996 867045
1997 541391
1998 573979
2000 741583
2002 525057
2003 681915
2004 569701
2005 718772
2006 573979
2007 573979
2008 541391
2010 883522
2011 569701
2012 569701
2013 659714
2014 644813
2015 1168924
2016 662559
2018 789127
2019 855114
2020 879639
2021 816329
2022 943388
2023 1108876
2024 644813
2025 844858
2026 698732
2027 667040
2029 1173158
2030 868887
2031 635481
2032 718772
2033 635481
2034 644813
2035 596374
2038 573979
2040 573979
2041 635481
2043 859726
2045 750760
2047 890966
2048 981502
2049 647432
2051 660322
2055 796538
2056 681278
2057 653700
2058 210991
2061 608165
2062 678800
2063 678800
2064 882923
2066 678800
2067 527304
2068 608165
2069 583805
2070 719963
2071 763650
2072 753671
2073 833718
2074 684186
2075 859439
2076 993288
2077 779449
2079 749312
2080 776155
2081 592377
2082 669930
2083 1077166
2085 660322
2086 796538
2087 592377
2088 608165
2089 527304
2090 660322
2093 792240
2094 777064
2096 792240
2097 804901
2099 703940
2100 826039
2101 804901
2102 915624
2103 915624
2104 915624
2105 781890
2106 831169
2107 669820
2110 583805
2112 749312
2113 527304
2115 763570
2116 730347
2118 730347
2119 994628
2121 894462
2122 877921
2123 616114
2124 757057
2125 616114
2126 858878
2127 774814
2128 1394848
2129 846609
2130 588990
2131 778356
2132 668990
2133 607312
2134 677848
2135 587921
2136 751514
2138 590478
2140 671899
2143 718816
2146 844616
2147 816837
2148 745025
2150 745025
2151 650917
2153 677848
2154 740043
2155 639070
2156 746242
2157 851768
2158 881685
2161 746817
2163 896235
2165 706340
2167 721497
2168 729999
2169 291747
2170 269444
2171 291747
2172 649267
2173 757671
2175 895567
2176 522409
2177 869091
2178 681911
2180 662899
2182 662899
2183 843717
2184 914832
2185 603103
2186 690933
2187 755695
2188 749746
2189 744627
2190 596661
2191 882328
2193 566828
2194 602892
2195 788924
2196 782017
2197 266538
2200 805235
2201 566828
2202 544544
2203 538660
2204 522409
2205 538660
2207 614863
2208 250198
2209 266538
2210 356616
2214 320676
2215 678476
2216 580950
2217 864505
2218 681911
2219 544544
2220 822581
2221 864505
2222 822581
2223 544544
2224 805235
2225 222028
2226 276975
2227 801531
2230 661885
2231 635273
2232 687341
2233 739653
2234 542501
2235 704570
2236 594984
2237 588628
2238 565487
2242 812094
2243 559377
2245 629633
2246 729115
2247 729115
2248 876338
2249 805235
2250 222028
2251 239859
2254 135381
2255 226880
2257 215684
2258 251081
2259 221308
2260 221308
2261 762310
2262 366461
2263 300237
2264 420721
2266 417856
2270 279380
2271 233006
2272 233006
2275 724967
2277 658070
2278 801899
2280 692486
2281 955379
2283 1167839
2285 1056408
2286 729829
2287 709481
2288 724967
2289 620850
2290 649917
2291 729829
2294 764607
2295 855207
2296 764607
2298 639302
2299 882004
2300 756581
2301 639302
2302 609711
2304 725624
2306 609711
2308 1409764
2309 249906
2310 262947
2311 999386
2313 655265
2314 743743
2315 767223
2316 568365
2317 622703
2318 755628
2319 622703
2322 607533
2323 554519
2324 631833
2326 686721
2327 548056
2329 786843
2330 520886
2334 585167
2335 770958
2336 770958
2337 678094
2339 740312
2340 740312
2341 609711
2342 678094
2343 562661
2344 500852
2346 882004
2347 298261
2348 240536
2352 250788
2355 220582
2356 268202
2359 306026
2360 234120
2365 500852
2367 737220
2368 882004
2371 609711
2372 1000636
2375 781348
2376 788594
2378 788594
2380 766608
2381 766608
2382 208686
2383 115802
2385 163181
2386 208686
2387 228630
2388 185416
2391 871167
2392 675518
2393 601311
2394 690581
2395 150865
2398 682997
2401 871167
2402 682997
2403 1229022
2405 682997
2407 690581
2410 582055
2411 649657
2412 641168
2413 908333
2414 625596
2415 732004
2417 871167
2418 682997
2419 556096
2420 860281
2422 528528
2423 798387
2424 633929
2425 593752
2426 633929
2427 585160
2430 908638
2431 829861
2433 587109
2434 700093
2435 634213
2436 692405
2437 597931
2438 635278
2439 521854
2440 577771
2441 598712
2442 669655
2443 607658
2444 667848
2450 662301
2451 734738
2452 571935
2454 667848
2455 768362
2456 658086
2458 669655
2459 784040
2460 1020247
2461 584207
2462 662301
2463 754033
2464 560767
2465 552652
2467 552652
2468 525203
2469 757671
2470 499166
2472 664774
2473 667848
2474 669655
2475 499166
2476 625086
2477 625086
2478 571935
2479 499166
2480 667848
2482 757671
2483 887695
2484 645486
2485 720024
2488 850708
2489 932451
2490 711665
2491 633488
2492 720024
2493 701367
2494 948860
2495 956939
2497 793292
2498 917784
2502 708189
2504 756144
2507 999211
2508 981474
2509 790947
2510 662036
2511 582867
2512 682557
2513 849842
2514 896902
2515 645998
2516 683621
2517 733633
2520 719349
2521 682557
2522 932451
2523 714043
2524 666531
2525 650475
2526 528370
2527 661658
2528 533808
2529 595807
2530 655923
2532 566595
2533 561293
2534 804948
2535 757760
2536 556048
2537 790087
2539 587580
2540 523033
2541 636713
2542 589789
2544 643904
2545 636713
2546 654974
2547 313392
2548 613974
2549 682998
2550 816611
2551 560498
2552 617422
2553 675370
2555 623254
2556 559462
2557 658995
2558 157413
2559 653283
2564 669658
2565 681397
2566 594041
2567 606788
2568 809535
2569 687900
2570 630087
2571 618643
2572 558770
2573 695538
2574 689583
2576 558521
2578 646207
2579 530832
2580 595766
2581 526148
2582 640504
2584 658874
2585 789241
2586 561324
2588 566160
2589 658874
2590 566160
2591 631916
2593 683498
2594 526148
2595 839730
2597 526148
2598 658874
2599 821941
2601 794792
2602 658874
2604 658874
2605 789241
2606 595766
2607 595766
2609 794792
2610 640504
2611 555296
2612 614796
2613 838823
2614 623824
2615 734216
2616 1134972
2618 1022010
2619 1022010
2620 977286
2621 745884
2622 786997
2624 1066194
2626 714439
2627 846344
2628 821941
2630 582525
2631 679784
2632 688197
2633 526148
2635 725613
2637 591078
2638 623659
2642 542813
2645 143417
2646 208893
2648 154768
2651 154768
2653 166690
2654 186842
2655 283152
2656 272234
2659 292323
2661 149144
2662 128321
2663 138476
2665 190734
2668 233246
2669 235937
2670 235937
2671 149144
2672 266148
2673 232708
2675 135869
2676 209575
2677 146622
2678 177008
2679 177008
2680 674396
2681 135869
2682 263632
2683 217546
2684 1072320
2685 1072320
2686 1100481
2687 223716
2688 296898
2689 1164202
2690 128321
2694 219780
2695 128321
2696 248986
2697 157687
2698 186904
2699 235937
2700 205461
2705 153863
2706 142579
2707 276651
2708 165715
2709 142579
2710 281496
2711 824861
2712 230078
2713 313392
2714 682193
2716 223566
2717 266623
2718 223566
2719 301792
2722 579912
2723 539517
2724 647415
2725 764858
2726 933272
2727 620149
2728 860723
2729 709100
2730 805149
2731 579912
2732 560393
2733 266623
2734 223566
2735 182254
2736 645988
2737 586431
2738 817499
2739 845950
2740 1327648
2741 882484
2742 851370
2743 177622
2745 824861
2746 567730
2747 862609
2748 691467
2750 450099
2752 804111
2755 713787
2760 741413
2762 254368
2764 303358
2765 592059
2766 592059
2767 741413
2770 267726
2771 260585
2772 272934
2773 260072
2774 804154
2775 567730
2776 675696
2779 623554
2780 695075
2781 657431
2783 555056
2785 679555
2786 726009
2790 250994
2794 240190
2795 198822
2797 336576
2798 238470
2800 675696
2801 555056
2803 260072
2804 230172
2806 643835
2807 1000634
2808 718182
2809 567730
2810 602179
2811 614531
2813 817005
2814 539517
2815 695075
2816 623554
2817 594310
2818 662938
2820 555056
2823 727919
2824 801846
2825 801846
2829 801846
2830 704149
2831 809120
2832 743804
2833 988870
2834 947366
2835 947366
2836 973316
2837 743804
2838 945672
2839 1173469
2840 979398
2841 1095449
2842 1195768
2843 979398
2845 735945
2846 1034994
2847 1034994
2848 1026397
2849 842307
2851 814802
2852 948868
2856 859716
2857 750411
2858 682483
2860 682483
2861 696034
2862 777173
2863 866917
2864 951102
2865 689386
2866 572401
2867 721662
2868 829283
2870 696811
2871 633734
2872 689386
2873 572401
2877 1319377
2879 907869
2880 762022
2882 727481
2883 658049
2886 345117
2887 1559540
2888 1096784
2889 796085
2890 214877
2893 1000286
2894 959721
2895 1115017
2896 1083929
2899 849983
2902 938276
2903 788591
2904 1039656
2906 788591
2907 829725
2909 959200
2910 935745
2912 143774
2913 180468
2914 223566
2915 1142805
2916 849892
2920 964891
2922 684133
2924 597892
2926 847439
2927 594860
2928 757662
2929 1143539
2930 1042050
2931 728886
2933 850582
2934 919179
2936 842426
2938 691332
2939 771077
2940 842426
2941 666485
2942 345708
2943 1005807
2944 231264
2945 517984
2946 826751
2948 976806
2949 828988
2950 573486
2951 324068
2952 750978
2955 847474
2956 545003
2957 584874
2958 677519
2959 741165
2961 828988
2962 630566
2963 517984
2964 708017
2965 192047
2967 203048
2968 320611
2969 251441
2971 287547
2973 523034
2974 579078
2975 523034
2976 537715
2977 511008
2978 627802
2979 604270
2980 747613
2981 516030
2982 647566
2983 834811
2984 788313
2985 810922
2988 727481
2990 568725
2991 547695
2994 775136
2995 641802
2996 775136
2997 733654
2998 591235
2999 775136
3006 201438
3010 339516
3011 962704
3012 1109620
3016 674214
3017 737586
3018 724417
3019 674214
3020 598658
3021 660844
3022 802391
3023 536362
3024 751691
3025 801221
3027 431396
3028 394426
3032 279457
3034 710893
3035 635581
3037 906276
3039 673988
3041 926010
3042 559576
3043 862523
3046 292721
3047 536189
3051 547695
3052 779868
3054 710317
3055 881679
3056 529827
3057 697558
3058 577484
3059 869948
3060 883850
3061 711509
3062 869948
3063 730980
3069 247776
3071 404999
3072 404999
3074 216426
3075 358378
3076 338786
3083 1072320
3084 818416
3085 665824
3087 946382
3090 711431
3091 1010657
3093 981517
3094 832985
3095 909346
3096 1041385
3098 788946
3100 1108225
3102 855617
3105 686992
3107 766322
3108 656267
3109 578542
3111 627734
3112 657124
3113 726916
3115 665824
3117 782418
3118 788972
3119 763261
3120 699114
3121 659120
3122 699114
3127 764937
3128 931194
3130 982571
3134 961137
3137 733654
3138 774412
3139 641980
3141 512657
3142 641980
3143 635643
3145 602189
3146 733800
3150 741948
3151 672129
3152 714880
3153 602189
3155 995019
3156 584020
3157 900202
3159 627493
3160 511008
3162 683907
3164 898677
3166 640300
3168 646807
3169 775136
3170 627493
3171 511008
3172 775136
3173 627493
3174 683907
3175 208290
3177 383255
3180 803708
3181 738797
3182 866367
3186 623208
3187 816551
3189 416013
3192 454926
3193 620632
3194 789853
3195 728902
3196 955035
3197 821580
3199 780752
3201 860045
3202 955035
3203 648831
3204 959358
3205 959358
3206 860045
3207 961193
3208 996602
3210 624438
3213 691347
3214 691347
3215 904673
3218 874003
3219 725606
3223 814578
3224 793808
3225 800550
3227 717246
3229 779635
3230 604930
3231 724249
3232 791590
3234 801171
3235 613812
3236 807881
3237 981185
3238 292721
3239 243818
3240 665139
3242 986214
3243 920530
3244 823009
3246 697513
3247 620890
3248 1691465
3249 747131
3250 747131
3252 833906
3254 918046
3255 755839
3256 923443
3257 752019
3258 1100189
3263 644813
3265 230371
3266 150865
3267 230371
3271 612353
3275 644813
3277 859726
3278 892119
3279 1173158
3282 149582
3284 635481
3285 115802
3286 168670
3287 653140
3289 887006
3290 687799
3291 728561
3294 619341
3295 656921
3297 266623
3299 168670
3300 210491
3301 149582
3302 191295
3304 158049
3307 432581
3308 300344
3309 244434
3310 251669
3311 319887
3312 237369
3315 373323
3316 277020
3317 225452
3322 362102
3324 413987
3325 362102
3330 804410
3331 819033
3333 810793
3334 306518
3337 525468
3338 640311
3339 525468
3340 591235
3341 525468
3342 640311
3343 645674
3346 537715
3347 673460
3349 509614
3350 596775
3352 586497
3353 591235
3354 485675
3356 591235
3357 608192
3358 762864
3359 714880
3360 645674
3361 537715
3362 762864
3363 645674
3364 714806
3365 720793
3367 568904
3368 876901
3370 876901
3374 576739
3375 871214
3376 647913
3379 638537
3380 647913
3381 702091
3389 848920
3390 325651
3391 388370
3392 563781
3393 391818
3394 563781
3397 988363
3398 637448
3399 923521
3400 716114
3401 716114
3402 751087
3403 823584
3405 798251
3406 741272
3407 1157862
3410 1020263
3412 1007108
3413 831468
3414 926151
3417 677424
3419 919478
3420 883085
3421 629563
3423 792973
3424 1046700
3425 780044
3429 868397
3431 627334
3432 629439
3433 766626
3434 289425
3436 197777
3438 243872
3442 675360
3445 737327
3446 878449
3447 258838
3448 636724
3449 665139
3450 604930
3452 610840
3453 684216
3454 994020
3455 804240
3456 565978
3457 600320
3458 600320
3459 610840
3460 714666
3461 665139
3464 665139
3465 592476
3466 684216
3467 780844
3468 825361
3469 804027
3470 804240
3471 546384
3472 613812
3473 546384
3474 546384
3475 521625
3476 610840
3477 537852
3479 684216
3480 913319
3481 1076175
3482 968670
3483 943882
3485 682314
3486 753191
3487 643281
3488 643281
3489 641254
3491 632846
3493 861679
3494 861679
3495 861679
3497 744797
3499 956126
3502 193384
3503 996916
3505 766641
3506 629139
3507 659953
3508 699967
3509 788312
3511 689030
3512 758553
3513 788312
3514 689030
3515 978204
3516 716953
3517 810921
3518 843365
3520 741813
3521 674663
3522 639915
3524 580918
3527 611295
3528 741813
3530 803374
3531 776877
3532 768345
3533 1351878
3534 207370
3535 213056
3537 776877
3539 274153
3540 278648
3541 257346
3543 372627
3544 335073
3545 335073
3546 372627
3547 300509
3548 275580
3549 702813
3550 651042
3551 629680
3552 773726
3553 609753
3554 941298
3556 662607
3558 693630
3559 651042
3562 1184491
3563 618269
3565 914158
3567 642397
3569 633100
3572 1406631
3573 667838
3574 928799
3575 863797
3576 653808
3580 841692
3581 883792
3582 662821
3583 730136
3584 757513
3585 696483
3586 684782
3587 828893
3588 696483
3589 842138
3591 642737
3595 642737
3596 716458
3597 757513
3598 842138
3600 864255
3601 684782
3602 828893
3603 757513
3604 572132
3605 765924
3606 654156
3607 848440
3608 848440
3609 669582
3610 783986
3611 669582
3612 585624
3613 866045
3614 831591
3615 549023
3616 607852
3617 829347
3618 627734
3619 668352
3620 668352
3621 795414
3622 616777
3623 549023
3624 665824
3625 733005
3626 734988
3627 808125
3628 889475
3629 674866
3630 771487
3632 557626
3633 595311
3634 698294
3636 664054
3637 867338
3638 720455
3639 557626
3641 568686
3643 664054
3645 866386
3648 568686
3649 595311
3650 540426
3651 568686
3652 603193
3653 820788
3654 664054
3655 540426
3661 540426
3663 567232
3664 182563
3666 182531
3667 567232
3668 756191
3669 609702
3672 807878
3674 524121
3675 729371
3676 720455
3677 613763
3679 580889
3680 617376
3681 540426
3685 842343
3686 820788
3687 568686
3688 613763
3689 842343
3690 678825
3691 839553
3693 879237
3694 1328164
3695 251669
3699 237365
3700 195677
3703 329311
3704 251934
3705 817807
3706 962442
3707 1003501
3708 746294
3709 935569
3710 862982
3711 745878
3712 772774
3713 877968
3714 825503
3715 721595
3716 885443
3717 660950
3718 652313
3719 859705
3720 859705
3721 658495
3722 733900
3723 733900
3725 750406
3726 609054
3727 679792
3728 742166
3729 609054
3730 884213
3732 680719
3735 727639
3736 721595
3737 592172
3738 592172
3739 623138
3740 592172
3742 734023
3743 713558
3744 745878
3745 757318
3746 745878
3748 885443
3750 586158
3751 648965
3752 798896
3753 604532
3756 686644
3757 617009
3758 655934
3759 623339
3760 683121
3762 617009
3763 683121
3766 1221750
3767 957875
3769 1065697
3770 640676
3771 787238
3772 640676
3774 780699
3775 640676
3776 722228
3777 545611
3779 783261
3780 608192
3781 567730
3783 594310
3786 664731
3787 865880
3790 701259
3791 835477
3792 782564
3793 709046
3794 707133
3795 648738
3796 596308
3798 583937
3799 898548
3800 672033
3801 818760
3802 898548
3803 608903
3804 602102
3805 600092
3806 1001044
3808 797808
3809 602102
3811 714577
3812 733694
3813 672033
3814 633587
3815 678744
3816 708951
3817 771678
3818 865054
3819 224178
3821 311016
3822 335262
3823 311016
3824 193645
3829 806774
3830 633016
3832 638977
3833 633016
3836 594468
3837 654842
3838 633016
3842 223792
3843 732435
3844 567881
3846 730459
3847 763599
3848 567881
3849 594468
3850 625554
3851 594468
3852 633016
3854 615367
3855 730459
3857 570776
3858 638977
3859 887155
3860 640928
3861 582910
3863 582910
3865 682042
3866 1076106
3867 745696
3868 520365
3871 547508
3872 784301
3873 830502
3874 633465
3875 576123
3876 611951
3877 643952
3878 765942
3879 913246
3882 800994
3883 830502
3884 576123
3885 520365
3886 651633
3887 520365
3888 587562
3889 770790
3890 559663
3891 654842
3892 505498
3893 654842
3894 615367
3895 732355
3896 724392
3897 594468
3898 559663
3899 663512
3900 730459
3903 724392
3904 505498
3905 615367
3906 663512
3907 567881
3908 828703
3910 739663
3911 667534
3912 822459
3915 781036
3916 1300221
3918 634794
3919 634794
3920 576738
3921 634794
3922 859996
3924 861455
3925 606822
3926 754369
3927 702216
3928 702216
3929 836617
3930 647912
3932 311544
3935 295300
3936 329265
3937 403190
3938 233919
3941 286209
3943 269425
3944 220619
3945 255406
3946 377677
3949 380266
3950 380266
3952 365321
3953 271082
3954 321315
3955 271368
3956 285715
3957 283670
3958 283670
3960 238936
3964 993874
3965 717613
3966 377318
3967 212688
3968 717718
3969 916260
3971 717718
3972 848966
3973 865701
3974 462792
3975 267305
3976 330261
3977 309454
3978 418429
3979 1381874
3980 1218293
3981 1370208
3982 1650346
3984 1027685
3985 1044654
3987 298105
3989 788648
3992 1191330
3993 1011048
3995 238793
3996 319251
3999 713468
4000 841508
4001 812462
4002 801846
4004 890864
4006 242113
4007 345116
4008 342801
4013 608771
4014 762341
4015 222713
4016 308983
4017 242860
4019 611559
4022 677185
4028 739959
4029 677185
4030 818549
4031 765941
4032 697033
4033 766273
4034 661721
4035 628837
4036 717025
4037 772691
4038 772691
4039 1045494
4040 609865
4041 912934
4042 620584
4043 967992
4046 1188927
4047 755656
4048 856214
4049 672248
4050 713040
4051 703722
4052 656811
4053 778464
4054 672248
4055 760852
4056 708124
4057 784984
4058 644023
4059 790440
4060 828048
4061 744954
4062 677520
4063 687468
4064 766320
4065 740325
4066 861352
4067 794959
4068 794959
4071 276087
4072 339268
4075 733407
4076 712930
4077 696961
4084 805018
4085 610818
4086 732953
4088 942690
4089 817943
4090 560120
4092 554503
4093 618906
4094 618906
4097 618906
4098 560120
4099 681352
4100 583500
4101 539734
4102 557647
4103 965807
4104 684764
4105 965807
4106 586792
4107 580908
4108 580908
4110 580908
4112 611285
4113 645196
4120 772991
4121 889932
4122 757771
4123 285293
4124 554503
4125 637660
4127 634531
4128 787380
4129 521241
4132 571306
4133 629328
4136 921907
4137 654228
4138 595006
4139 811821
4141 537421
4142 672129
4143 571242
4145 683907
4147 751202
4148 647276
4149 230078
4152 950267
4153 743377
4155 688622
4156 578586
4159 628169
4161 619079
4162 700380
4163 817834
4164 737186
4165 631371
4169 230078
4171 742665
4172 610069
4173 301792
4174 223941
4175 191887
4177 866225
4179 559203
4185 274796
4187 197284
4190 840086
4191 858850
4194 463930
4195 438567
4196 438250
4197 307370
4198 352114
4199 315793
4200 307370
4207 438250
4208 250152
4209 312747
4211 310508
4213 312747
4214 250152
4216 832643
4218 632481
4219 632481
4220 705940
4222 665555
4224 973152
4227 651756
4228 766044
4230 535959
4231 727297
4234 671160
4235 901321
4236 981761
4237 612339
4239 687906
4241 638320
4245 549274
4246 638320
4247 549274
4248 748896
4249 748390
4250 730259
4251 758299
4252 834810
4254 829389
4256 915544
4257 1078796
4258 990406
4259 368131
4261 992673
4263 808207
4264 180468
4265 157722
4268 168670
4269 180468
4274 212919
4275 115802
4277 825115
4278 794311
4279 815171
4280 721255
4281 859301
4282 133872
4284 636947
4285 576035
4288 576035
4289 547425
4290 553451
4292 816336
4293 747461
4294 689560
4295 908196
4296 697217
4297 579593
4298 515924
4299 571206
4300 532705
4301 714880
4302 640300
4303 548392
4304 572590
4306 773371
4307 591235
4308 586806
4309 511008
4310 895115
4311 310572
4312 284007
4313 279425
4314 365050
4317 313392
4318 173905
4319 115802
4320 228630
4321 173905
4323 223941
4324 225178
4325 777278
4326 1752839
4327 1124140
4329 1020444
4330 550431
4332 701410
4333 624359
4335 701410
4336 919014
4337 871991
4338 624359
4339 788269
4343 650974
4344 983352
4347 958189
4348 815189
4349 815189
4350 856670
4351 800832
4352 906089
4353 1080646
4354 833041
4356 1043165
4357 856670
4358 821618
4359 206461
4360 849438
4361 206461
4363 185937
4364 179206
4365 705332
4366 815979
4367 664066
4369 748588
4370 667686
4371 681189
4372 830066
4373 750370
4374 241400
4376 988937
4377 874827
4378 681189
4380 861067
4381 830066
4382 625341
4383 906708
4384 683219
4385 855569
4386 821385
4387 708969
4388 1075419
4390 734835
4391 778757
4394 714348
4397 316211
4398 1557761
4401 954411
4403 1085621
4407 770617
4408 751101
4409 711151
4410 770617
4411 837834
4412 227639
4413 135833
4415 217813
4417 125872
4418 681343
4419 151341
4421 716953
4422 655672
4423 587444
4424 655672
4425 618162
4426 1033513
4428 618162
4429 716953
4430 938563
4431 251145
4432 1280567
4435 644421
4436 713471
4437 718323
4438 643962
4443 801097
4445 722022
4447 722022
4448 892981
4450 939142
4451 712587
4452 794873
4453 1033118
4459 819283
4461 821261
4465 657162
4466 544018
4468 821786
4469 588779
4470 544018
4472 629669
4473 659149
4474 598378
4476 629669
4479 892991
4480 313211
4481 756528
4484 611039
4488 733954
4489 620012
4493 841049
4494 831813
4495 718318
4496 841049
4497 704152
4498 902015
4500 704152
4501 902015
4502 1107892
4503 704152
4508 794982
4509 599293
4511 781234
4513 189330
4514 771266
4517 598052
4518 666648
4519 532356
4520 788797
4523 641812
4524 166166
4526 613107
4527 266057
4528 746734
4529 602795
4531 757929
4532 227714
4533 346409
4534 852382
4536 1077373
4538 843015
4540 609269
4545 882696
4546 715443
4547 684457
4548 715440
4551 615874
4552 1351382
4554 648080
4559 936201
4560 758810
4562 875439
4563 770218
4564 346414
4565 664251
4566 834136
4568 982116
4569 656503
4570 1327767
4571 751840
4572 716740
4574 1033207
4576 616993
4577 716740
4579 616993
4581 890037
4583 1077288
4584 920770
4585 566160
4586 743889
4587 566160
4588 689897
4589 689897
4590 697557
4593 821940
4594 689897
4595 723149
4596 1214154
4598 595765
4600 623658
4601 860629
4602 689897
4603 667346
4604 776436
4606 1088579
4607 1117167
4608 705746
4609 637306
4610 567297
4612 856951
4613 1007793
4614 752461
4615 688000
4618 920874
4619 773998
4621 725312
4622 805357
4623 746114
4624 805357
4625 1061407
4626 900786
4627 1061407
4628 1091068
4629 636927
4630 705174
4632 960345
4633 937512
4634 715528
4635 636927
4636 822911
4637 757792
4638 687927
4640 733293
4641 845298
4642 702048
4643 589867
4645 367824
4646 686472
4648 765210
4649 913695
4650 749818
4651 921348
4652 616012
4656 977756
4661 743643
4662 675999
4663 613675
4665 890921
4668 616012
4669 686668
4670 614837
4673 844059
4674 822074
4678 676873
4679 671251
4680 616012
4681 667523
4683 834237
4686 710895
4687 574350
4688 845404
4689 576985
4690 635583
4691 576985
4692 708977
4693 604309
4694 861065
4695 349086
4696 739488
4698 722761
4699 702610
4700 706534
4701 648391
4702 639008
4703 610133
4704 648391
4706 647155
4707 722761
4708 638698
4710 483808
4711 223941
4712 281473
4714 606803
4715 828319
4716 807122
4717 550858
4720 839822
4722 764228
4726 627802
4730 1153580
4731 853243
4732 579676
4734 568725
4735 760419
4737 925161
4738 839822
4740 757361
4742 647814
4744 647814
4747 672286
4752 673877
4753 889516
4754 673892
4755 608659
4756 641788
4758 509544
4759 875651
4760 641788
4762 568725
4763 739747
4765 641788
4766 509544
4767 875651
4768 647903
4769 647903
4770 669692
4771 876336
4772 771910
4773 604879
4775 992404
4776 853439
4777 525981
4778 579399
4779 634635
4780 640936
4781 765552
4783 874486
4784 510112
4785 565362
4788 745962
4790 646305
4791 734228
4792 597358
4793 561094
4794 634635
4795 646305
4796 619594
4798 584148
4799 651119
4800 807963
4801 805913
4802 619594
4803 579399
4804 579399
4805 616940
4806 745962
4807 763609
4808 569333
4809 579399
4810 648053
4812 525981
4813 634635
4815 640936
4816 561094
4817 763609
4818 569333
4819 648053
4820 553485
4821 646305
4822 763609
4823 616940
4824 579399
4825 765552
4826 553485
4828 604087
4829 496232
4830 621413
4831 621413
4832 644636
4833 1223494
4834 496232
4835 496232
4836 743274
4837 867338
4839 664054
4841 603193
4842 595311
4843 621413
4844 664054
4848 580889
4849 613763
4850 649068
4851 604087
4852 603193
4856 496232
4857 750189
4858 581709
4860 549404
4862 549404
4863 568686
4864 603193
4865 664054
4866 718931
4867 568686
4869 658538
4870 595311
4871 540426
4872 595311
4873 524121
4874 680699
4875 560313
4876 524121
4877 718931
4878 603193
4879 718931
4880 674982
4881 768320
4882 682477
4883 782920
4886 610175
4889 736883
4890 804170
4892 608151
4893 724423
4894 703239
4895 677904
4896 817748
4897 659004
4899 568725
4900 703636
4901 714880
4902 733654
4903 646807
4904 511008
4907 572891
4910 626108
4912 537715
4913 608192
4915 550529
4919 569701
4920 596374
4921 794311
4922 695676
4923 898007
4924 697558
4925 681652
4926 779207
4927 664984
4929 536189
4930 568725
4932 727460
4933 536189
4934 536189
4937 808207
4938 561293
4939 703636
4940 992673
4942 808207
4943 536189
4944 936791
4945 726404
4946 156905
4947 144192
4948 960179
4949 200695
4950 194619
4951 784019
4952 718127
4953 674044
4954 682968
4955 751879
4959 682968
4960 928934
4961 614949
4962 751879
4963 647025
4964 981457
4966 753913
4967 753913
4968 674044
4969 190835
4970 127076
4971 137133
4972 933566
4973 836421
4974 1030542
4975 1214301
4976 1027762
4977 1086045
4978 811186
4981 142819
4983 723153
4984 651953
4985 649923
4986 903599
4987 711772
4988 614656
4990 651953
4991 130905
4992 584112
4993 643434
4994 871700
4995 627845
4996 1199818
4998 720505
4999 1040829
5000 1088385
5001 716932
5002 800200
5003 918849
5004 930895
5005 813547
5006 797707
5007 959546
5009 719480
5012 718874
5013 147280
5014 853899
5015 601084
5017 844978
5019 719480
5020 831688
5021 644905
5022 648192
5023 696056
5024 831688
5025 571214
5026 218112
5027 604005
5028 696056
5029 698832
5030 916200
5031 648192
5033 741689
5034 756826
5035 949691
5036 756826
5037 949691
5038 701886
5039 648192
5041 159739
5042 243612
5043 271631
5044 857152
5045 178592
5046 184167
5048 830624
5049 729519
5053 711908
5054 641409
5055 920092
5056 731886
5058 665634
5060 925987
5062 888335
5063 638743
5064 748494
5066 674891
5070 281473
5072 483808
5076 292721
5077 223941
5078 281473
5079 333279
5083 360774
5084 330319
5085 244291
5087 352872
5088 266390
5091 769742
5092 778469
5093 666729
5095 653748
5096 690058
5097 718816
5099 690058
5101 747335
5102 703736
5103 684526
5105 890371
5106 640032
5107 684526
5108 890371
5109 578090
5113 645366
5114 684526
5115 755633
5119 337959
5121 771521
5123 788726
5124 866381
5125 1032203
5127 707250
5129 680719
5130 614838
5131 778610
5132 690714
5133 690714
5134 707250
5135 698008
5138 666790
5140 772143
5141 296381
5142 192705
5143 147918
5144 735590
5146 604256
5147 249315
5148 767280
5149 604256
5151 848839
5152 645980
5153 820506
5155 698911
5156 611040
5158 620012
5159 568793
5160 851821
5161 563901
5162 648656
5163 640179
5164 708172
5165 633490
5166 706151
5167 728561
5168 686463
5169 714104
5170 851821
5172 851821
5174 563901
5176 900312
5177 814068
5178 762861
5179 711427
5180 793579
5182 703993
5183 793579
5184 820713
5185 820713
5186 990015
5187 736264
5188 832202
5189 753890
5191 710762
5192 797831
5193 744039
5194 820713
5195 592387
5197 956512
5198 204944
5201 592387
5203 224606
5204 765496
5207 833697
5208 598536
5209 626559
5211 721885
5212 825763
5213 620012
5214 634855
5215 511008
5217 172528
5218 216561
5219 568725
5221 208722
5222 172528
5223 714880
5224 653052
5225 641802
5227 703636
5228 620908
5229 591235
5230 511008
5231 735038
5232 1153580
5235 608192
5236 620908
5237 537715
5238 635259
5240 602340
5247 560383
5248 806852
5249 534132
5250 668872
5251 568344
5252 505911
5254 633533
5255 668544
5256 583711
5259 645707
5262 557605
5263 727460
5264 858571
5265 745752
5266 575749
5267 572829
5268 976787
5269 639609
5270 926652
5271 608622
5272 568725
5273 627802
5275 710317
5279 571288
5280 735038
5281 695630
5282 620908
5283 536189
5284 651874
5285 536189
5286 568725
5287 627802
5288 739747
5289 739747
5291 535487
5294 627802
5296 788200
5298 561293
5299 620908
5300 670570
5305 568725
5306 670570
5307 1140086
5309 770569
5310 577801
5311 761504
5312 690292
5313 721013
5315 551959
5316 551236
5317 577801
5318 551236
5320 671046
5321 832690
5322 798620
5323 738290
5325 907870
5326 658050
5327 762022
5329 800026
5330 688859
5331 658050
5332 933241
5333 668228
5334 640307
5335 838954
5336 569969
5338 605347
5339 870435
5340 809385
5341 582963
5342 643571
5343 736401
5344 643571
5345 736401
5346 599699
5347 599699
5348 745514
5349 1428562
5350 555353
5351 575325
5352 555353
5353 593157
5355 549593
5356 494347
5357 619051
5358 822638
5359 746754
5360 582942
5361 601792
5362 555353
5363 601792
5364 494347
5365 619051
5366 672590
5368 713838
5369 566115
5370 662940
5371 620688
5372 711303
5373 583726
5374 717260
5375 589443
5376 643009
5377 620688
5378 717260
5379 601792
5380 582942
5381 641760
5382 651733
5383 601792
5385 641760
5386 506525
5387 522282
5388 575325
5389 758240
5390 740450
5392 547316
5393 575325
5394 494347
5395 619051
5396 638698
5397 868337
5398 558184
5399 520132
5400 716200
5401 638698
5402 746754
5404 575325
5405 520132
5406 838219
5407 547316
5408 641760
5409 582942
5410 494347
5411 619051
5412 527397
5414 1010397
5415 1010397
5416 527397
5417 642187
5418 822638
5419 601792
5420 494347
5421 657847
5426 575325
5427 636430
5428 549593
5429 641760
5430 727645
5431 555353
5434 728074
5435 601792
5436 582942
5437 727645
5438 522282
5439 494347
5440 619051
5441 680319
5442 603851
5444 858720
5445 603851
5450 741200
5451 670354
5453 515657
5454 794827
5458 559502
5459 593452
5461 858720
5462 766996
5463 858720
5466 230078
5467 256541
5473 771910
5474 571508
5476 230078
5478 771910
5479 223941
5480 256541
5481 585697
5482 230078
5486 571508
5488 771910
5489 747613
5491 516030
5492 689897
5493 596762
5494 531207
5495 781900
5496 769602
5499 781900
5500 665210
5501 588126
5502 631916
5504 1087970
5505 849104
5506 777743
5508 738955
5511 638130
5512 629948
5514 665210
5515 210991
5516 223566
5517 225178
5518 285293
5519 531207
5520 690070
5524 747382
5526 747382
5527 639387
5528 739175
5532 876088
5533 1332948
5534 552423
5535 611616
5536 189533
5537 219418
5538 249465
5539 325909
5540 611616
5542 874546
5543 734844
5544 643363
5545 888522
5546 730669
5547 956462
5548 595957
5550 665174
5551 732289
5552 823052
5553 595957
5554 619079
5556 930500
5565 742416
5566 679485
5570 552006
5572 616118
5573 742726
5574 565978
5575 600320
5576 660892
5577 655402
5578 592476
5579 512657
5581 660892
5582 537852
5583 565978
5585 578858
5586 675872
5588 781817
5589 631916
5590 794311
5591 695676
5592 771907
5593 705148
5594 677550
5595 766981
5596 883012
5597 677883
5599 1071860
5600 739747
5601 992673
5602 518145
5603 630921
5604 627493
5605 761710
5607 611040
5608 716956
5609 801859
5611 338463
5612 271928
5613 259075
5614 346427
5616 418010
5617 287953
5618 263323
5620 620426
5621 691127
5622 691127
5623 833697
5624 584933
5625 551903
5626 683027
5627 677353
5631 346427
5632 271928
5636 287953
5637 243192
5638 241451
5639 340784
5640 271928
5641 221308
5642 287953
5645 311514
5647 346427
5648 750435
5650 744346
5651 814310
5653 803999
5654 769649
5655 884022
5656 1061836
5657 1093361
5660 716636
5666 963623
5667 963623
5668 773998
5669 783261
5671 591486
5674 662938
5675 859966
5677 796439
5678 853890
5684 236948
5685 795782
5688 846682
5690 168670
5691 786367
5692 1091938
5695 733314
5696 867499
5697 853854
5698 882765
5699 890281
5700 662093
5701 655627
5702 733314
5706 725261
5707 626304
5708 1014411
5709 665116
5710 881113
5711 976500
5712 679388
5713 717837
5714 626039
5716 705475
5718 705475
5719 506138
5720 536787
5724 457063
5725 108846
5726 161492
5728 153617
5729 151865
5730 108846
5731 104858
5732 90161
5733 161492
5734 117210
5735 136316
5736 158200
5738 187617
5740 176434
5741 126455
5743 178469
5744 155416
5746 185572
5747 181678
5748 156555
5749 110865
5750 139160
5753 133774
5754 134123
5755 104858
5756 108846
5757 174949
5758 208473
5759 430646
5762 309316
5763 251677
5764 272735
5767 100764
5769 183156
5770 185268
5771 207219
5772 172071
5774 108738
5778 122958
5779 179107
5780 172967
5781 94073
5783 230153
5784 176338
5786 145759
5787 103244
5788 149263
5795 112904
5799 182095
5800 73761
5801 121656
5802 120158
5806 121519
5808 153033
5809 171502
5810 153033
5811 93276
5814 145662
5815 167844
5820 147520
5821 308203
5823 291707
5824 373054
5826 205568
5828 207939
5829 205568
5831 184641
5833 113103
5834 108581
5840 160098
5842 196541
5844 107903
5847 196541
5850 119480
5851 149974
5853 100084
5854 149974
5855 170524
5856 168579
5860 167829
5861 95550
5863 115216
5865 159092
5867 113429
5870 136936
5872 126744
5874 175497
5879 184210
5881 125005
5882 125005
5893 311330
5896 217333
5898 406731
5899 251602
5900 274362
5907 154218
5909 167511
5911 283762
5913 405880
5917 262509
5918 436876
5919 374933
5924 344136
5925 332700
5929 221202
5931 419592
5933 436023
5935 335017
5936 260282
5939 518555
5941 234481
5943 247080
5957 427135
5965 322367
5966 614495
5968 380853
5969 447238
5971 500969
5977 453878
5978 465695
5979 403073
5981 521643
5982 396570
5983 289951
5985 305277
5987 518092
5993 205887
5997 222930
5998 331870
6001 445306
6004 286548
6011 417110
6012 370420
6015 369187
6017 301244
6019 662740
6020 592675
6021 592675
6022 420864
6026 129656
6027 176798
6029 129656
6030 152717
6036 333002
6038 334652
6040 221795
6043 208969
6047 298900
6048 293821
6050 329238
6051 458218
6053 285984
6054 329238
6058 269447
6060 339649
6061 272473
6062 334170
6063 272473
6066 598416
6067 421596
6069 598416
6071 418369
6072 456215
6074 444047
6076 456215
6077 550786
6078 598416
6080 444047
6081 468590
6082 456215
6084 219847
6085 156980
6086 147356
6087 205084
6092 294214
6093 313429
6094 505709
6095 409474
6099 299829
6103 327874
6104 388029
6105 388029
6107 395823
6109 475962
6110 327874
6114 456894
6115 471053
6116 453607
6119 209351
6120 197245
6121 220010
6122 201192
6125 197946
6129 247900
6131 460592
6132 157926
6133 194617
6134 199367
6135 177970
6136 164364
6137 175099
6138 228755
6139 182828
6140 228755
6142 388746
6152 245932
6153 460069
6154 342079
6155 386458
6158 223704
6159 323097
6161 289768
6162 326442
6166 402953
6170 340485
6171 247209
6172 195824
6174 324263
6175 314516
6176 311361
6177 314516
6180 285499
6181 195824
6182 340485
6183 275642
6185 324263
6193 402953
6194 195824
6197 314516
6199 471978
6200 578934
6201 398809
6202 379808
6207 358813
6208 379808
6210 229368
6211 179422
6213 164075
6214 189838
6215 223323
6216 151531
6217 189838
6224 330754
6226 525052
6227 255601
6230 285499
6231 404799
6232 300376
6233 308607
6235 392631
6236 617027
6239 525165
6243 412779
6244 326978
6245 401769
6247 577503
6248 449294
6249 449294
6250 543808
6253 593068
6254 547729
6255 607539
6256 675629
6260 416919
6261 497215
6265 330902
6266 584433
6267 406591
6270 282018
6272 330167
6276 307655
6277 253030
6279 324060
6282 194228
6285 81429
6286 169547
6287 134780
6289 231945
6291 331763
6294 231945
6295 223135
6296 200648
6299 179950
6302 200648
6310 236040
6312 200648
6316 361546
6317 303159
6318 219395
6320 363294
6321 269577
6322 219395
6323 424966
6324 253989
6326 162677
6327 159743
6334 269938
6335 254328
6336 202789
6344 202789
6352 142337
6353 173865
6356 221498
6357 173865
6362 191797
6367 279274
6370 271825
6373 200851
6374 232521
6377 200851
6379 282719
6380 253555
6382 322590
6389 258865
6393 288639
6397 132114
6399 212190
6400 132114
6402 147341
6404 242164
6405 300280
6406 284245
6407 270017
6408 235705
6414 166781
6415 157341
6418 162332
6419 205555
6427 201419
6429 283518
6431 473784
6434 323502
6440 298486
6441 300638
6442 319338
6443 516751
6454 247157
6455 211147
6456 414147
6457 322102
6458 320010
6459 282290
6461 313929
6462 411327
6465 125255
6466 141614
6467 136601
6468 134397
6469 327176
6470 211147
6471 365012
6473 579435
6478 145467
6481 142722
6482 142722
6484 202454
6486 234012
6488 372700
6489 341897
6497 248454
6498 202553
6499 143512
6500 156512
6501 171152
6506 445205
6507 474280
6508 527147
6510 278614
6511 309682
6515 231267
6516 186508
6518 165622
6555 356426
6575 176448
6576 128153
6587 183732
6593 175475
6594 126082
6595 136561
6602 202134
6603 133100
6604 143602
6605 143602
6606 181283
6642 573007
6645 426110
6646 328961
6647 414744
6648 492120
6649 367709
6650 488769
6651 102194
6652 110282
6653 170508
6657 196439
6666 255521
6667 359672
6693 166568
6703 268069
6706 257561
6708 310639
6709 198445
6711 113742
6712 191585
6716 361144
6727 196356
6730 254909
6732 269842
6733 354947
6737 244962
6738 145287
6746 432281
6751 245496
6752 195493
6756 468307
6757 291577
6764 99907
6768 438010
6774 293945
6779 219613
6781 166957
6784 446229
6788 174455
6790 191712
6792 131611
6800 173969
6802 212973
6803 364710
6804 213297
6805 201126
6806 120476
6811 167391
6812 207808
6816 207808
6818 225717
6823 248185
6825 223899
6826 240421
6828 177369
6829 177369
6835 509618
6836 354009
6837 355288
6838 357850
6839 292972
6840 458608
6843 353704
6845 330223
6847 409472
6848 455016
6849 345956
6850 340375
6851 319509
6852 420132
6853 317221
6854 302829
6855 321415
6857 465141
6859 357499
6860 270064
6861 322937
6862 400702
6867 322937
6868 344027
6869 400702
6870 288824
6876 285614
6878 141747
6880 261774
6883 198700
6884 147784
6885 175945
6886 196127
6887 212408
6892 217776
6893 212408
6895 241892
6896 347664
6897 487353
6898 292839
6901 372612
6902 482315
6906 522239
6908 522239
6909 513814
6910 422746
6911 667511
6912 675864
6913 457841
6914 403347
6915 673152
6930 458277
6931 453051
6932 445381
6934 445381
6938 161285
6939 126004
6940 157246
6942 123551
6947 409950
6948 366048
6951 409542
6952 1138456
6953 1266051
6954 449731
6955 305189
6957 84830
6964 144897
6966 325798
6967 255736
6968 202841
6988 253777
6989 242164
6990 317645
6991 358181
6992 222075
6993 376012
6994 247439
6996 285856
6998 285856
6999 315228
7003 255607
7004 355742
7005 321582
7009 167250
7010 127149
7025 123720
7046 345812
7048 345812
7049 228189
7054 189145
7064 244046
7068 172437
7072 184436
7074 224419
7075 176393
7076 168660
7077 224419
7083 216788
7084 231374
7085 176393
7086 171688
7087 168660
7089 171688
7092 255286
7093 289326
7095 344034
7096 333693
7097 258726
7101 312107
7102 197819
7103 369369
7104 366854
7105 243067
7106 309659
7107 197819
7114 255607
7115 270017
7116 308097
7118 270017
7119 355742
7120 242164
7121 253777
7122 253777
7123 222075
7124 308097
7125 439349
7126 308097
7128 201967
7129 213758
7131 358181
7133 276766
7134 253777
7136 358181
7137 201967
7139 259461
7140 271904
7141 273865
7142 291751
7144 239067
7145 457343
7146 203155
7147 241321
7148 334799
7150 716139
7151 549107
7152 261286
7153 241862
7154 414809
7156 315293
7158 247490
7160 323859
7162 688808
7163 463232
7164 488032
7165 684119
7166 393775
7170 180679
7171 175860
7172 143123
7174 165691
7175 175860
7179 280237
7180 305588
7183 297437
7184 280237
7185 425343
7186 378924
7192 331794
7194 607539
7198 378688
7199 539170
7200 353095
7201 388631
7207 286101
7208 210178
7209 155604
7210 202570
7211 278827
7214 110118
7215 408025
7220 170910
7226 181399
7228 330889
7229 218082
7230 182863
7232 222555
7236 167862
7240 217562
7241 155551
7243 197035
7245 228559
7246 161947
7247 124308
7249 397397
7251 339171
7252 388073
7254 229410
7255 264799
7258 217784
7260 301763
7261 215346
7273 481789
7274 439390
7275 311437
7276 378671
7277 445518
7278 445464
7279 495179
7280 415211
7281 418206
7284 378671
7285 378671
7286 378671
7296 198932
7297 307039
7298 366173
7301 258620
7302 329410
7304 191113
7305 421844
7313 288522
7314 388132
7315 278078
7316 262512
7317 388631
7318 533614
7319 415148
7320 408451
7322 350326
7332 234976
7337 133078
7360 210160
7361 136963
7368 275678
7369 319509
7370 340375
7371 315809
7372 444678
7373 186274
7377 371515
7378 283232
7379 345957
7381 444678
7382 259736
7383 315809
7384 345957
7385 317221
7386 333938
7387 395402
7388 271467
7389 296024
7390 330072
7391 388293
7392 296024
7393 376621
7394 330072
7395 271467
7396 367065
7397 296024
7400 331547
7401 355747
7403 248110
7404 306338
7405 316084
7410 312446
7413 428129
7417 274584
7422 154669
7424 190433
7426 220096
7427 190433
7428 236337
7430 733695
7432 247230
7435 312818
7436 321390
7437 312818
7438 248116
7439 358356
7441 358356
7442 376468
7447 352939
7449 300019
7454 257147
7456 149604
7457 159375
7458 344844
7461 321856
7471 401867
7472 302810
7473 320156
7474 464384
7475 272726
7476 438047
7477 353268
7478 279837
7479 279837
7480 393900
7487 721036
7488 587827
7489 279837
7490 393900
7491 583825
7493 449451
7494 323962
7495 446885
7496 343845
7497 393900
7498 449451
7499 721036
7500 323962
7501 343845
7502 319776
7503 228077
7504 277315
7505 295330
7506 207426
7507 326937
7508 326230
7509 349687
7510 316424
7511 507626
7513 228077
7514 316424
7515 192006
7516 311361
7518 222075
7520 300280
7521 311361
7522 287558
7523 306338
7525 242164
7526 287558
7533 147127
7534 201691
7535 138060
7539 117179
7540 149855
7542 105973
7544 236303
7545 237229
7547 346135
7551 379520
7552 346135
7553 145603
7554 130871
7555 108196
7556 135810
7557 130871
7559 182176
7560 231039
7561 289047
7563 456403
7564 273387
7565 213556
7566 322893
7567 415033
7568 330124
7569 330124
7571 200181
7572 126778
7575 162088
7576 200181
7577 270017
7578 300280
7580 191828
7582 298208
7584 120562
7586 148538
7587 141742
7588 138931
7589 213966
7590 146889
7592 231936
7594 155852
7595 227913
7596 760333
7598 375982
7599 618271
7600 413414
7601 519301
7602 666240
7603 325528
7606 343196
7611 329816
7613 302653
7621 339911
7622 254917
7625 207463
7626 292026
7627 399535
7628 456247
7629 287410
7630 300280
7633 157394
7635 112321
7636 308097
7638 265438
7643 400209
7644 340484
7645 306337
7647 255269
7649 212190
7655 253555
7656 266258
7657 351771
7661 373238
7662 219020
7663 253555
7666 317538
7667 290377
7668 373238
7670 276491
7672 253555
7673 342845
7675 373238
7677 285692
7679 308293
7680 268178
7682 269117
7684 217971
7688 350693
7689 486537
7690 516227
7691 219787
7698 272301
7699 167357
7701 141343
7703 140331
7705 242946
7706 178329
7707 178833
7708 203154
7709 149953
7711 210202
7712 163536
7713 165336
7714 160898
7715 210202
7716 460400
7717 346916
7718 346916
7719 534282
7720 579154
7733 110731
7748 110731
7749 146954
7750 132300
7753 222078
7754 170877
7760 103719
7773 170605
7774 223004
7788 279606
7789 407258
7790 356597
7791 301735
7794 470849
7795 470849
7796 284348
7797 329184
7798 358962
7799 449700
7800 578025
7802 284348
7804 301735
7805 229245
7806 322885
7809 277673
7810 225983
7811 264497
7814 350644
7816 479017
7819 240650
7820 306580
7822 362068
7824 443429
7826 384041
7829 407310
7830 312646
7831 617263
7833 219883
7834 488166
7835 349177
7836 306019
7839 302556
7844 114341
7845 326737
7850 382498
7851 325146
7852 162049
7854 162049
7855 148589
7856 173338
7857 208291
7858 257243
7860 208291
7861 208291
7864 118145
7866 223635
7867 171344
7868 133958
7869 142629
7871 241772
7882 331832
7883 235122
7884 230171
7899 153164
7903 176489
7908 503158
7909 356496
7910 311962
7923 191517
7925 257944
7928 319794
7929 153272
7930 175475
7931 109593
7932 212472
7934 162791
7936 205707
7937 141555
7938 205707
7939 150800
7940 187549
7943 175475
7944 196010
7945 118267
7946 150763
7954 138317
7956 133287
7958 206276
7959 104479
7965 278101
7967 371424
7968 263174
7971 155013
7973 104476
7974 96814
7977 131831
7978 108989
7979 169959
7980 169959
7981 308097
7982 276766
7983 178572
7984 96793
7985 97122
7986 102338
7987 123785
7988 126528
7990 298167
7991 120314
7992 153865
7997 152313
7998 170289
8001 318117
8004 171869
8007 166020
8009 347945
8010 187125
8011 96963
8023 201303
8025 201303
8026 268342
8027 227849
8030 96191
8031 189913
8033 248303
8034 204216
8035 248303
8038 187808
8039 471588
8040 518810
8042 524442
8043 487005
8044 335029
8045 411661
8046 337244
8047 335029
8048 485484
8049 411661
8050 518810
8061 93024
8063 136078
8064 162077
8069 95467
8070 115475
8072 212588
8074 152768
8078 219415
8083 227847
8087 166025
8091 196085
8094 166025
8095 166025
8096 456549
8097 155954
8098 187810
8100 121947
8101 128933
8102 105157
8104 177123
8107 120197
8108 127082
8113 165954
8114 111850
8117 111850
8120 297166
8121 297166
8123 297166
8124 358828
8126 231389
8129 265726
8133 125726
8136 207708
8138 237644
8139 209769
8140 143190
8142 182046
8144 118609
8145 231447
8146 250885
8149 210914
8150 116035
8152 151168
8154 192223
8155 150281
8158 415335
8159 147141
8160 99784
8162 110872
8163 185094
8165 185094
8168 165621
8169 187561
8170 165218
8173 161804
8175 111044
8176 111044
8177 299687
8178 225692
8179 299687
8181 294028
8183 302434
8184 295359
8190 202058
8191 1167478
8192 803385
8193 386239
8195 315598
8200 182766
8203 176150
8206 161011
8207 139757
8208 440409
8209 554864
8212 308845
8216 134504
8218 345363
8219 444290
8226 201408
8227 142709
8228 140919
8229 222509
8233 230136
8235 211556
8236 187940
8238 181106
8239 138304
8240 192486
8243 151628
8244 138304
8249 298561
8257 210429
8259 185362
8262 115768
8263 123237
8264 188082
8267 149091
8271 150714
8272 337251
8273 532944
8274 337251
8275 447574
8276 427058
8279 427058
8283 227527
8289 194123
8293 195808
8299 191136
8300 141572
8301 170491
8302 284444
8303 200895
8305 298072
8307 235160
8309 115484
8315 91066
8316 191646
8317 112395
8318 124438
8319 135688
8320 131566
8321 205630
8323 159849
8327 132149
8328 132126
8330 95430
8331 109234
8333 140517
8334 100435
8339 311331
8340 140590
8342 190400
8345 100591
8346 184035
8351 123259
8352 102100
8353 151489
8354 396509
8355 162417
8356 162417
8357 168260
8361 163823
8368 167965
8374 238316
8375 175060
8376 220985
8378 196304
8380 154783
8381 225465
8384 345957
8385 294631
8386 158483
8388 158483
8389 218314
8390 165632
8391 172944
8393 118736
8394 113707
8396 143039
8398 243801
8399 160875
8405 123486
8406 148437
8411 245317
8412 313726
8413 203370
8414 277084
8415 302081
8416 390024
8417 433737
8420 151887
8421 149436
8428 240905
8431 320775
8432 390024
8433 321810
8434 277084
8440 359743
8441 618343
8442 425956
8461 88445
8463 167304
8468 259470
8469 274332
8473 226700
8474 247207
8475 235705
8477 300280
8478 391316
8479 201967
8480 186953
8481 391316
8488 137099
8492 166781
8493 218766
8494 235705
8495 483284
8497 304442
8498 304442
8499 281168
8500 300280
8509 171283
8511 152945
8513 247490
8514 323502
8535 144632
8536 155189
8538 250393
8540 229164
8541 204134
8549 147441
8552 168010
8553 363114
8559 349639
8561 342427
8568 268827
8569 428983
8573 155359
8574 183863
8577 130270
8578 189304
8579 264821
8580 256861
8581 179822
8582 136706
8583 201892
8586 151945
8587 127407
8597 364964
8599 432311
8600 222538
8602 273439
8603 350281
8604 168521
8608 303769
8612 279682
8613 348753
8615 173730
8617 298234
8618 320935
8620 303124
8621 331477
8622 312791
8623 481192
8624 303124
8626 303124
8628 389622
8629 298234
8631 202912
8633 132193
8634 177127
8636 181981
8640 218592
8641 169096
8642 137618
8647 233795
8652 139275
8653 232203
8654 166842
8657 165647
8658 161236
8660 175821
8663 165647
8664 230624
8669 177738
8673 235859
8675 235859
8676 144590
8682 289047
8685 262329
8688 325284
8689 315231
8690 243466
8692 325284
8697 207801
8698 405184
8708 392064
8709 299791
8722 161805
8723 109802
8724 183307
8725 109802
8726 140421
8727 116091
8740 150531
8741 103340
8749 261100
8759 160136
8787 218129
8789 223808
8790 131477
8791 196146
8792 166426
8793 131477
8794 146713
8818 447320
8840 105747
8853 90161
8855 139160
8856 110865
8857 180908
8858 108614
8859 144124
8860 155821
8861 104747
8862 179519
8863 121822
8866 181678
8867 133774
8869 164520
8870 97675
8878 100764
8879 142257
8880 171376
8881 154340
8883 170994
8884 148753
8885 94073
8886 148753
8887 171376
8889 145671
8893 173216
8896 166006
8899 98557
8900 91329
8904 99531
8905 92232
8907 145816
8908 151319
8909 92232
8910 99531
8911 169925
8912 171502
8916 135861
8917 153033
8918 93276
8919 167470
8923 135775
8925 99989
8926 99989
8927 148497
8930 113007
8931 92744
8932 92744
8937 115216
8938 193260
8939 168297
8940 105110
8941 126744
8942 216399
8943 184210
8944 216399
8946 109607
8953 118281
8954 111833
8957 144909
8962 195927
8965 130849
8974 290852
8975 286544
8976 204413
8977 260849
8980 288509
8981 260849
8983 286544
8984 130591
8985 176798
8988 139119
8994 129656
8995 182996
8996 187649
8997 224465
8998 253283
8999 146301
9008 260376
9009 184480
9010 201192
9013 220010
9015 194617
9016 175099
9017 177970
9020 163188
9021 247212
9030 212340
9031 164075
9032 151531
9033 211114
9034 151531
9035 216610
9037 216610
9044 208190
9046 142545
9048 175150
9050 165022
9051 159358
9053 175150
9058 116090
9059 161569
9065 212190
9067 152945
9068 149757
9069 137318
9073 194221
9075 158339
9076 157261
9079 94495
9080 172431
9090 126158
9094 216846
9095 178774
9096 136601
9097 134397
9099 145467
9102 144547
9107 171152
9108 148380
9109 231267
9110 118192
9112 164494
9113 147740
9115 147740
9116 118192
9134 141486
9144 93404
9156 176448
9157 143602
9174 163270
9180 249879
9182 190501
9192 166245
9193 224789
9195 230641
9197 157597
9198 228778
9214 167004
9216 160861
9222 145432
9223 90830
9224 149918
9229 179327
9237 150999
9253 205301
9254 201764
9258 170508
9261 133137
9262 102194
9274 273227
9276 133024
9282 104017
9283 109976
9288 131683
9295 190606
9303 239313
9305 286772
9306 292347
9307 313685
9308 387761
9309 294455
9316 243782
9319 328604
9320 243836
9322 229736
9323 250518
9324 175479
9325 318726
9326 190005
9328 292997
9329 317604
9332 345234
9336 353649
9337 277968
9339 253299
9344 178561
9345 172066
9347 323716
9349 116548
9350 99907
9355 290593
9357 239760
9359 215874
9360 134824
9366 192943
9367 212973
9370 154029
9371 127588
9372 201126
9373 236156
9380 131412
9381 177369
9382 177369
9389 150631
9391 200062
9392 230336
9396 296357
9416 128739
9417 233460
9418 225664
9419 183974
9420 179498
9421 234067
9422 113044
9423 198971
9424 128214
9425 161285
9426 142367
9431 210983
9434 155240
9435 115577
9436 122198
9444 262744
9446 290718
9483 201831
9484 128366
9485 144658
9486 102266
9487 161731
9503 201837
9504 170171
9512 224419
9514 244581
9516 95563
9517 160963
9529 226644
9540 138681
9541 110118
9544 237113
9548 284008
9557 302144
9565 146120
9567 191113
9569 151557
9570 168450
9571 141247
9575 126048
9576 107055
9578 129240
9579 99203
9580 199773
9581 146300
9582 179451
9598 211320
9605 175676
9606 135682
9607 179610
9619 391917
9622 493241
9626 228049
9632 155950
9634 198851
9636 183149
9640 161834
9641 161734
9644 192625
9645 117179
9646 180466
9651 157604
9652 160058
9653 130232
9655 266407
9659 101232
9660 184008
9661 186130
9662 109244
9665 184008
9667 119909
9668 159134
9669 201270
9670 121618
9673 157394
9674 112321
9675 185963
9676 212190
9677 148512
9679 141343
9683 259604
9684 165336
9687 163536
9688 160898
9697 128767
9706 186926
9707 223565
9747 182913
9749 229915
9756 315985
9757 225983
9758 318095
9759 353746
9760 236997
9762 225052
9763 114341
9766 149729
9767 148589
9770 139052
9771 202551
9772 107486
9773 219562
9775 202551
9776 177779
9777 133958
9778 175294
9779 171314
9780 171344
9783 165978
9784 256943
9786 208339
9788 165978
9789 140442
9790 256943
9801 97299
9811 156762
9813 116144
9814 208657
9815 159841
9816 192491
9817 172325
9820 142777
9821 134562
9822 212472
9823 167609
9824 146140
9829 104223
9832 136114
9835 172093
9838 175976
9844 126528
9847 127206
9848 200857
9852 214099
9854 117989
9857 96963
9858 169507
9859 214933
9860 145855
9862 92191
9865 114749
9868 232382
9873 187808
9875 253158
9877 215070
9879 163246
9880 227198
9884 119832
9885 165337
9886 150742
9887 167245
9888 90295
9890 239272
9891 274585
9892 161160
9895 261643
9896 258659
9897 142302
9899 157127
9901 184351
9902 125101
9904 161839
9905 153715
9912 185114
9915 153742
9916 111850
9918 189024
9923 169009
9925 125218
9926 415335
9927 168074
9928 184105
9929 185433
9930 103187
9935 103187
9936 171871
9937 171871
9939 189725
9940 149878
9942 161776
9946 149878
9950 215825
9951 278279
9952 229920
9955 103262
9957 228909
9961 212095
9962 229908
9964 139732
9966 159778
9969 134504
9970 198538
9972 140191
9976 161979
9978 109541
9980 207328
9983 236417
9987 210429
9989 154690
9993 123237
10001 167556
10002 175012
10003 106116
10004 167556
10005 128378
10006 147902
10007 141932
10008 132641
10009 100730
10010 221833
10011 135688
10022 130243
10023 130220
10025 109234
10026 95430
10027 132126
10028 132149
10030 137112
10032 174591
10034 149017
10035 204684
10036 135559
10037 93069
10038 222589
10040 177472
10042 177472
10043 196154
10048 154911
10049 136457
10050 195594
10051 212020
10052 131215
10053 198126
10054 97217
10056 182327
10057 167965
10058 161857
10061 128268
10067 117587
10068 181094
10069 225465
10070 244401
10072 123486
10073 243801
10074 143064
10075 172258
10077 123486
10078 186725
10084 142978
10085 132048
10114 220160
10116 132114
10123 116144
10124 236266
10125 229164
10126 172488
10127 180123
10128 145675
10130 180123
10132 142682
10137 119854
10138 147441
10139 120718
10151 201892
10152 127407
10154 136706
10155 127407
10156 159927
10158 138948
10159 250343
10162 250343
10163 127407
10164 264821
10166 256861
10169 138948
10171 128326
10172 182596
10175 169096
10176 135932
10178 121213
10182 238704
10185 153947
10188 227881
10191 196044
10192 233795
10193 139275
10195 171131
10196 161236
10197 232203
10198 286776
10199 184698
10200 166842
10203 142436
10204 161219
10211 148943
10226 185492
10229 162332
10232 117916
10235 118766
10237 139576
10238 224185
10303 172967
10304 94073
10306 103112
10308 136936
10310 168297
10311 169926
10312 108387
10315 183521
10316 129656
10319 335813
10329 199175
10330 166725
10332 137904
10333 127619
10336 152945
10337 157341
10362 260806
10363 184832
10368 190005
10369 193403
10381 209946
10382 150631
10385 150631
10389 202834
10391 145942
10392 147808
10401 113213
10402 93778
10410 226617
10421 224039
10425 258093
10426 199428
10427 249060
10433 304911
10434 227621
10436 147450
10438 146309
10440 966070
10443 143326
10444 154669
10445 217586
10448 211195
10451 148538
10453 160805
10454 148512
10455 160805
10468 208377
10469 186683
10470 154559
10472 236482
10478 157526
10479 180344
10481 176117
10487 120928
10488 128825
10500 141461
10501 123807
10503 96793
10505 96793
10507 239117
10511 160015
10514 229090
10515 111354
10516 203725
10519 131779
10524 195849
10525 132904
10529 139667
10533 134653
10534 155885
10543 102100
10544 144243
10545 164520
10546 90087
10549 187306
10551 128134
10552 137538
10554 218314
10561 132216
10565 134778
10573 155120
10580 166426
10581 139347
10582 223808
10583 127705
10584 124908
10585 161652
10590 157642
10600 432494
10601 667451
10606 353069
10631 308924
10632 463386
10634 406092
10661 353069
10662 463386
10666 353069
10704 308924
10706 463386
10718 347540
10722 463386
10725 411889
10727 411889
10728 463386
10740 463386
10742 463386
10745 347540
10754 463386
10757 463386
10767 463386
10769 463386
10774 593275
10775 593275
10781 667451
10783 667451
10790 360422
10803 308924
10804 308924
10811 609137
10818 609137
10819 347540
10821 444967
10827 667451
10831 667451
10844 463386
10854 411889
10855 411889
10883 463386
10890 463386
10891 463386
10908 463386
10913 463386
10936 667451
10945 463386
10956 667451
10963 444967
10967 353069
10969 353069
10980 347540
10984 347540
10998 353069
11002 508553
11007 667451
11018 593275
11019 593275
11037 308924
11054 411889
11070 411889
11072 397184
11075 397184
11083 308924
11085 463386
11106 463386
11142 360422
11157 432494
11165 463386
11185 308924
11186 308924
11192 308924
11215 463386
11221 308924
11227 360422
11231 353069
11236 609137
11241 715687
11274 954250
11295 510550
11301 510550
11306 406092
11309 406092
11317 954250
11319 609137
11325 476519
11328 954250
11334 636166
11337 636166
11340 636166
11342 636166
11371 406092
11381 446736
11406 954250
11418 446736
11436 441216
11441 397099
11463 496373
11467 476519
11480 453844
11500 954250
11507 636166
11510 636166
11523 397099
11525 595648
11526 595648
11534 446736
11536 446736
11565 397099
11587 848201
11601 848201
11605 848201
11620 727075
11623 727075
11644 446736
11651 555938
11654 715687
11658 636166
11669 727075
11672 727075
11696 727075
11703 595648
11704 595648
11745 510550
11751 843185
11754 1039342
11755 861604
11757 625937
11758 698784
11759 698784
11760 281473
11769 965141
11774 617903
11776 370115
11777 281058
11779 680119
11780 640504
11785 183920
11786 363118
11787 662351
11788 531929
11789 651117
11791 698401
11794 891182
11797 505747
11798 340164
11799 407409
11800 1011081
11801 308422
11804 640136
11805 724036
11806 663481
11807 681149
11809 648345
11810 868647
11811 1032720
11813 602414
11814 705447
11816 850496
11819 579826
11820 715044
11822 612408
11823 702072
11824 691912
11825 360449
11826 399856
11827 314286
11828 335929
11829 338352
11830 338352
11832 253278
11834 980086
11835 942447
11836 415487
11838 404165
11839 404165
11840 388456
11841 350901
11842 317250
11844 349046
11845 174074
11846 244333
11847 719123
11848 217284
11849 231003
11850 720083
11853 663792
11854 223941
11855 177622
11857 984317
11858 1376141
11859 397263
11860 260619
11863 827530
11864 281161
11865 752223
11866 745974
11867 674352
11868 752223
11869 644192
11870 683280
11871 674352
11872 695182
11875 620204
11876 571603
11877 702363
11879 601493
11881 840907
11882 713654
11884 143539
11885 241332
11886 742357
11887 819274
11888 829370
11889 853157
11890 222653
11891 297162
11892 382361
11893 723927
11897 633621
11898 672243
11899 573672
11901 562832
11902 658997
11903 239766
11904 227043
11905 707805
11907 827912
11908 803191
11909 642990
11910 655222
11911 821735
11916 296705
11917 843316
11918 622662
11920 618089
11922 120434
11923 580061
11924 1077758
11925 685000
11926 685000
11928 795817
11929 896543
11930 1014380
11931 406224
11933 319291
11934 371531
11935 356016
11936 406283
11937 371531
11940 874481
11941 828597
11943 832965
11945 287291
11947 265033
11949 723364
11952 278963
11955 689386
11956 633734
11957 982855
11958 861316
11959 898382
11960 273299
11963 1164640
11965 1208369
11966 812884
11967 1152825
11970 254804
11971 254871
11972 245602
11973 747613
11984 1059721
11988 889385
11989 759601
11990 856932
11991 431396
11992 299855
11993 177622
11994 728512
11995 733005
12000 783986
12005 210927
12006 644813
12008 690892
12009 612194
12010 314142
12011 716114
12012 636546
12015 697481
12016 883792
12019 577847
12021 623138
12023 722228
12025 576533
12027 663512
12028 654842
12031 712322
12032 903938
12034 638842
12036 889932
12037 672129
12038 739946
12039 657209
12040 841881
12041 532300
12042 755897
12044 588331
12045 883855
12046 884875
12047 726168
12048 810508
12050 414747
12051 918225
12052 298424
12053 320010
12054 777131
12055 788894
12056 617059
12058 758299
12061 917619
12062 201539
12063 934333
12064 1036660
12065 544018
12066 808620
12067 645845
12068 247902
12070 611041
12072 794427
12073 579664
12075 674883
12077 768650
12078 562320
12079 748943
12080 674929
12081 616940
12082 808837
12083 510112
12084 775590
12086 563922
12087 905048
12088 557471
12089 621413
12090 825776
12091 518145
12092 643897
12093 770077
12094 1027762
12095 758435
12096 814222
12097 793568
12098 199849
12099 965450
12100 485675
12101 600048
12102 229507
12104 685630
12105 658796
12106 666949
12107 572829
12108 562938
12110 690292
12111 558184
12112 581324
12115 647903
12116 588126
12118 918797
12119 785491
12120 924173
12122 799586
12123 677353
12125 263323
12126 346427
12128 539095
12129 340784
12130 233006
12131 338463
12133 241451
12135 597260
12136 648044
12138 631298
12139 721885
12140 684874
12141 145759
12143 140484
12144 221822
12149 351528
12153 406128
12156 143980
12157 132973
12158 185065
12161 141499
12162 433696
12163 445205
12175 180534
12178 207642
12179 182199
12181 221346
12182 142470
12183 357850
12185 292972
12186 357850
12188 261583
12189 319509
12191 409472
12196 400293
12199 161720
12202 325588
12208 254917
12212 340484
12217 134528
12218 144972
12224 157056
12226 270041
12227 116234
12228 87827
12237 253283
12240 80871
12241 253475
12246 417060
12255 249241
12257 196298
12259 183974
12260 131288
12269 158688
12280 167609
12281 179567
12282 155213
12284 126290
12288 133284
12293 137807
12303 175305
12515 183616
12516 140473
12558 251847
12566 406092
12588 406092
12643 446736
12648 446736
12663 308924
12679 397184
